{
  "description": "LDA topic model on synthetic word counts",
  "random_state": 42,
  "input": {
    "X": [
      [
        4,
        10,
        8,
        6,
        2,
        2,
        1,
        9,
        7,
        8,
        1,
        10
      ],
      [
        9,
        3,
        2,
        2,
        4,
        6,
        5,
        3,
        7,
        2,
        3,
        4
      ],
      [
        5,
        8,
        2,
        6,
        6,
        1,
        7,
        2,
        1,
        10,
        10,
        9
      ],
      [
        4,
        1,
        7,
        5,
        2,
        5,
        1,
        10,
        3,
        7,
        4,
        6
      ],
      [
        6,
        2,
        10,
        8,
        10,
        9,
        6,
        10,
        1,
        2,
        1,
        4
      ],
      [
        4,
        3,
        9,
        4,
        3,
        6,
        2,
        9,
        1,
        10,
        8,
        2
      ],
      [
        1,
        9,
        8,
        8,
        8,
        1,
        4,
        2,
        9,
        7,
        4,
        1
      ],
      [
        4,
        4,
        8,
        7,
        9,
        5,
        2,
        8,
        8,
        6,
        8,
        5
      ],
      [
        6,
        5,
        1,
        2,
        1,
        7,
        4,
        6,
        10,
        3,
        5,
        8
      ],
      [
        3,
        1,
        3,
        2,
        10,
        9,
        7,
        9,
        9,
        2,
        9,
        6
      ],
      [
        9,
        9,
        4,
        2,
        3,
        5,
        9,
        9,
        1,
        6,
        5,
        3
      ],
      [
        2,
        4,
        10,
        4,
        6,
        8,
        4,
        10,
        10,
        3,
        5,
        4
      ],
      [
        3,
        1,
        7,
        6,
        1,
        3,
        10,
        3,
        2,
        5,
        10,
        3
      ],
      [
        7,
        8,
        3,
        8,
        4,
        7,
        7,
        6,
        1,
        9,
        4,
        2
      ],
      [
        1,
        6,
        7,
        1,
        6,
        3,
        7,
        2,
        7,
        4,
        10,
        2
      ],
      [
        4,
        2,
        10,
        9,
        3,
        7,
        9,
        6,
        6,
        3,
        1,
        9
      ],
      [
        10,
        7,
        4,
        4,
        8,
        9,
        9,
        8,
        7,
        1,
        2,
        9
      ],
      [
        7,
        1,
        2,
        7,
        1,
        2,
        6,
        7,
        7,
        3,
        8,
        3
      ],
      [
        4,
        8,
        7,
        9,
        7,
        6,
        1,
        4,
        3,
        3,
        10,
        4
      ],
      [
        9,
        7,
        8,
        6,
        6,
        5,
        2,
        8,
        3,
        1,
        7,
        2
      ],
      [
        10,
        10,
        10,
        4,
        1,
        10,
        5,
        10,
        10,
        9,
        3,
        4
      ],
      [
        9,
        4,
        2,
        6,
        10,
        7,
        6,
        1,
        7,
        10,
        2,
        6
      ],
      [
        9,
        8,
        7,
        8,
        4,
        3,
        9,
        9,
        9,
        10,
        6,
        6
      ],
      [
        8,
        7,
        8,
        8,
        9,
        4,
        4,
        1,
        6,
        1,
        5,
        6
      ],
      [
        3,
        6,
        1,
        1,
        9,
        4,
        2,
        6,
        8,
        3,
        7,
        1
      ],
      [
        1,
        6,
        6,
        7,
        8,
        10,
        6,
        4,
        8,
        3,
        5,
        1
      ],
      [
        1,
        10,
        9,
        7,
        5,
        2,
        2,
        3,
        6,
        8,
        7,
        3
      ],
      [
        10,
        8,
        6,
        7,
        5,
        3,
        4,
        8,
        1,
        2,
        1,
        1
      ],
      [
        9,
        8,
        5,
        1,
        5,
        5,
        2,
        5,
        4,
        7,
        7,
        1
      ],
      [
        4,
        7,
        6,
        9,
        7,
        2,
        1,
        7,
        1,
        6,
        10,
        6
      ],
      [
        4,
        7,
        5,
        6,
        10,
        4,
        10,
        10,
        2,
        1,
        2,
        1
      ],
      [
        1,
        7,
        1,
        4,
        9,
        1,
        9,
        3,
        2,
        7,
        7,
        9
      ],
      [
        8,
        9,
        3,
        2,
        8,
        9,
        10,
        5,
        4,
        8,
        4,
        10
      ],
      [
        9,
        5,
        8,
        8,
        2,
        10,
        6,
        9,
        4,
        9,
        4,
        1
      ],
      [
        10,
        1,
        4,
        10,
        10,
        6,
        7,
        5,
        3,
        4,
        7,
        8
      ],
      [
        8,
        8,
        1,
        5,
        1,
        6,
        5,
        9,
        4,
        2,
        2,
        8
      ],
      [
        7,
        2,
        1,
        8,
        1,
        9,
        8,
        1,
        1,
        10,
        4,
        4
      ],
      [
        9,
        10,
        10,
        8,
        4,
        1,
        8,
        6,
        5,
        10,
        2,
        5
      ],
      [
        1,
        5,
        1,
        2,
        2,
        7,
        8,
        6,
        10,
        4,
        3,
        9
      ],
      [
        3,
        10,
        1,
        10,
        1,
        9,
        6,
        10,
        1,
        6,
        10,
        6
      ],
      [
        7,
        7,
        5,
        7,
        6,
        10,
        1,
        3,
        10,
        9,
        5,
        7
      ],
      [
        3,
        2,
        5,
        4,
        6,
        1,
        10,
        10,
        7,
        6,
        4,
        9
      ],
      [
        7,
        2,
        10,
        9,
        10,
        8,
        7,
        5,
        10,
        9,
        1,
        1
      ],
      [
        4,
        9,
        10,
        2,
        6,
        4,
        10,
        9,
        9,
        5,
        5,
        3
      ],
      [
        1,
        9,
        9,
        10,
        10,
        6,
        8,
        10,
        9,
        3,
        5,
        2
      ],
      [
        10,
        7,
        3,
        7,
        7,
        4,
        2,
        7,
        6,
        8,
        6,
        9
      ],
      [
        6,
        6,
        9,
        5,
        2,
        1,
        8,
        7,
        8,
        3,
        2,
        1
      ],
      [
        4,
        6,
        4,
        5,
        10,
        4,
        6,
        8,
        4,
        7,
        9,
        10
      ],
      [
        2,
        10,
        5,
        3,
        5,
        10,
        5,
        4,
        7,
        3,
        1,
        2
      ],
      [
        2,
        2,
        2,
        7,
        2,
        4,
        9,
        5,
        7,
        2,
        2,
        1
      ],
      [
        2,
        3,
        2,
        1,
        2,
        5,
        3,
        4,
        6,
        7,
        1,
        8
      ],
      [
        7,
        1,
        9,
        10,
        1,
        3,
        9,
        8,
        2,
        3,
        4,
        5
      ],
      [
        7,
        4,
        5,
        8,
        1,
        3,
        8,
        9,
        6,
        6,
        2,
        5
      ],
      [
        6,
        3,
        3,
        4,
        1,
        4,
        3,
        4,
        2,
        9,
        6,
        7
      ],
      [
        8,
        5,
        1,
        6,
        6,
        8,
        5,
        2,
        3,
        4,
        7,
        6
      ],
      [
        4,
        10,
        7,
        3,
        2,
        2,
        3,
        2,
        2,
        3,
        2,
        9
      ],
      [
        1,
        6,
        5,
        10,
        2,
        4,
        10,
        9,
        9,
        3,
        2,
        7
      ],
      [
        10,
        6,
        6,
        3,
        8,
        2,
        4,
        5,
        6,
        3,
        2,
        7
      ],
      [
        3,
        6,
        2,
        5,
        6,
        1,
        4,
        2,
        1,
        10,
        4,
        9
      ],
      [
        3,
        7,
        8,
        6,
        5,
        5,
        4,
        10,
        9,
        10,
        2,
        8
      ]
    ]
  },
  "params": {
    "n_components": 3,
    "random_state": 42,
    "max_iter": 20,
    "learning_method": "batch"
  },
  "expected": {
    "components": [
      [
        39.50171067800632,
        109.3042643461504,
        127.35575889068674,
        88.96972795878939,
        194.09897405726534,
        98.54039021616494,
        63.825792472930225,
        82.39939292016038,
        139.22238869420536,
        46.60623506191091,
        90.10719225994384,
        16.341293568638743
      ],
      [
        143.27755612654664,
        116.68583701490232,
        164.73395010448343,
        134.28189333528434,
        27.01696958208063,
        117.19476026462534,
        174.9319990687832,
        227.04150565277553,
        162.79481097681293,
        88.3390128272586,
        24.877092432007682,
        118.5204858950038
      ],
      [
        141.2207331954462,
        123.00989863894634,
        33.910291004829006,
        119.74837870592529,
        88.88405636065326,
        92.26484951920872,
        102.24220845828577,
        63.5591014270632,
        20.982800328980872,
        194.0547521108296,
        171.01571530804765,
        174.13822053635653
      ]
    ],
    "transformed": [
      [
        0.006194471272153556,
        0.7680851819596213,
        0.22572034676822533
      ],
      [
        0.23363587442396005,
        0.5072185791670776,
        0.2591455464089623
      ],
      [
        0.006368863133113254,
        0.006074961060137715,
        0.9875561758067489
      ],
      [
        0.007660338380218971,
        0.6334733852982205,
        0.35886627632156065
      ],
      [
        0.43646686296370674,
        0.5576060631164612,
        0.005927073919831992
      ],
      [
        0.19610142363108357,
        0.33284519500293375,
        0.4710533813659827
      ],
      [
        0.8780115328910101,
        0.00664412839589369,
        0.11534433871309609
      ],
      [
        0.6156743850283923,
        0.1085254545504121,
        0.2758001604211956
      ],
      [
        0.0072356521179625715,
        0.660896317065991,
        0.33186803081604643
      ],
      [
        0.5808051320518212,
        0.21468151988890322,
        0.20451334805927573
      ],
      [
        0.006387474125634875,
        0.48943135266873844,
        0.5041811732056267
      ],
      [
        0.5607543549163558,
        0.4333718434672118,
        0.005873801616432518
      ],
      [
        0.007762995025264773,
        0.42115792903717686,
        0.5710790759375584
      ],
      [
        0.0064590765490403395,
        0.3143076157964492,
        0.6792333076545105
      ],
      [
        0.7705727336706144,
        0.0073246572412650444,
        0.22210260908812063
      ],
      [
        0.08433442145628299,
        0.9095338763368612,
        0.006131702206855789
      ],
      [
        0.2604887692688085,
        0.6344535888268078,
        0.1050576419043837
      ],
      [
        0.00772652323158908,
        0.5801102849436808,
        0.4121631918247301
      ],
      [
        0.5940748315508853,
        0.006183360209942424,
        0.3997418082391724
      ],
      [
        0.509135706165849,
        0.32275860242058146,
        0.16810569141356949
      ],
      [
        0.004887217034098614,
        0.8612183013066163,
        0.1338944816592852
      ],
      [
        0.3807432646934312,
        0.005990396212320211,
        0.6132663390942487
      ],
      [
        0.06015086348083004,
        0.5764574716309824,
        0.3633916648881875
      ],
      [
        0.5995434017879315,
        0.024284737558946307,
        0.3761718606531221
      ],
      [
        0.8755087702416189,
        0.008076923236812573,
        0.11641430652156856
      ],
      [
        0.9867787273640609,
        0.006650377692509107,
        0.006570894943429908
      ],
      [
        0.6636618056806312,
        0.006533627988158112,
        0.3298045663312108
      ],
      [
        0.288521659716093,
        0.7039671994286114,
        0.007511140855295583
      ],
      [
        0.45407520941570617,
        0.039603956060580946,
        0.5063208345237129
      ],
      [
        0.36435001107272297,
        0.006372054391505023,
        0.629277934535772
      ],
      [
        0.5540647905373786,
        0.43948023132141745,
        0.006454978141203976
      ],
      [
        0.18401243756018146,
        0.006778196754957872,
        0.8092093656848607
      ],
      [
        0.15684994721151996,
        0.21595534805451838,
        0.6271947047339617
      ],
      [
        0.0056801574512308365,
        0.6982624144249502,
        0.296057428123819
      ],
      [
        0.27005701999164405,
        0.102427453076977,
        0.6275155269313788
      ],
      [
        0.006700027395777864,
        0.7364849245662826,
        0.2568150480379395
      ],
      [
        0.007209230997434844,
        0.007819695164243225,
        0.9849710738383219
      ],
      [
        0.04381795904694999,
        0.6352640974299468,
        0.3209179435231032
      ],
      [
        0.007487063381620137,
        0.7325817242811407,
        0.25993121233723937
      ],
      [
        0.005524534102748214,
        0.26504736822228725,
        0.7294280976749646
      ],
      [
        0.47020767290578036,
        0.05579812382729343,
        0.47399420326692604
      ],
      [
        0.15817196660459665,
        0.5685884877035902,
        0.2732395456918131
      ],
      [
        0.53925754989593,
        0.455360166047887,
        0.00538228405618302
      ],
      [
        0.4699613194127364,
        0.5244107827113189,
        0.005627897875944783
      ],
      [
        0.736017989092215,
        0.25903168102865787,
        0.0049503298791269985
      ],
      [
        0.18930939229231855,
        0.20741855345475474,
        0.6032720542529266
      ],
      [
        0.17188216074378784,
        0.821143064565739,
        0.006974774690473074
      ],
      [
        0.34374603381328916,
        0.04189149648089066,
        0.6143624697058202
      ],
      [
        0.6138255480944529,
        0.37897261855058867,
        0.007201833354958544
      ],
      [
        0.23855165999323308,
        0.7523079428947262,
        0.00914039711204067
      ],
      [
        0.009541424859357257,
        0.5831857965286298,
        0.40727277861201305
      ],
      [
        0.006519951888911952,
        0.7902930828015046,
        0.20318696530958336
      ],
      [
        0.006267907673045719,
        0.8499932668528788,
        0.1437388254740756
      ],
      [
        0.007669187788316619,
        0.23033344783673398,
        0.7619973643749494
      ],
      [
        0.2161664838892357,
        0.006809188593089874,
        0.7770243275176744
      ],
      [
        0.008697777033772457,
        0.5149475088687724,
        0.4763547140974552
      ],
      [
        0.08729105303928222,
        0.9064013617185149,
        0.006307585242202862
      ],
      [
        0.31279043582632965,
        0.4253537235984104,
        0.26185584057526
      ],
      [
        0.008543123355089598,
        0.00789504013016146,
        0.9835618365147489
      ],
      [
        0.1929847761616127,
        0.6051774673514668,
        0.20183775648692057
      ]
    ],
    "perplexity": 12.585835349435081
  },
  "sklearn_version": "1.5.2",
  "sklearn_pin": "scikit-learn==1.5.2"
}