{
  "description": "LinearDiscriminantAnalysis \u2014 default SVD solver",
  "random_state": 42,
  "input": {
    "X": [
      [
        0.3974607064132356,
        -0.8127499398643396,
        0.19190841588945617,
        -1.8651846351058645,
        1.505025114660821
      ],
      [
        0.5034991851644222,
        -2.3285556003284613,
        1.6811752347066915,
        -1.6868616792059723,
        -0.559741974728272
      ],
      [
        -0.8626773185808669,
        0.7100880631414909,
        2.1940143512036556,
        0.04129040885903579,
        -1.0546368888660922
      ],
      [
        -0.6622959242993012,
        0.9114268146199525,
        -1.2809491977079914,
        1.869248805141955,
        1.1819740486218142
      ],
      [
        3.2787781904898776,
        -1.6983829388939973,
        0.22999200737643344,
        -0.8343973324797178,
        0.672425018895093
      ],
      [
        -1.351070466574283,
        2.2608003117925097,
        -1.9131144030721945,
        -0.920380507633364,
        0.24201514406779656
      ],
      [
        -0.8197409111072215,
        1.085953756550835,
        1.350368873278104,
        0.8837997323848523,
        -0.21001669837509396
      ],
      [
        -1.8105254766371721,
        1.358179928464898,
        -1.088956322678424,
        -0.4220109725753971,
        -2.196514600832009
      ],
      [
        -1.5053294413178289,
        0.4054103944442482,
        -3.37197273925967,
        -0.5975644450936177,
        0.5319168922188459
      ],
      [
        0.19837459173188443,
        -1.2187231431150563,
        -1.2739557055830792,
        -0.8449111476664237,
        -1.7072771556275985
      ],
      [
        -2.204248051665857,
        2.385244534119716,
        -1.8882183424069838,
        0.3011734529283496,
        -1.5795207573125938
      ],
      [
        -0.8396811087492032,
        -0.8016016323640174,
        1.1041601180499083,
        -0.658396686557519,
        1.998049542287028
      ],
      [
        -3.1859221744473545,
        1.7744862954457958,
        -2.5151062763484893,
        1.2555396795183054,
        -0.7647913869554506
      ],
      [
        0.33710696725733835,
        0.5851387898654261,
        2.2157003209411004,
        1.8403875218299968,
        0.6607752317221405
      ],
      [
        -0.6878922238888381,
        -0.3373154647290276,
        -1.2661730178545985,
        -1.1307022280126577,
        -1.0238185194890543
      ],
      [
        -0.7647211693360354,
        -0.09631904260268143,
        -1.8417941989658466,
        1.7144303658470297,
        0.8281534903901053
      ],
      [
        -1.192962033806106,
        -0.0746050840522694,
        -1.8695845555436001,
        1.2200791200521817,
        -0.9091576170851242
      ],
      [
        1.865084216980886,
        0.282388347903449,
        -0.966010952071932,
        -0.4278855573611384,
        -1.4522040434708976
      ],
      [
        -1.9220825397422703,
        0.7398453402994167,
        -0.7744219824011626,
        0.19679603670702073,
        1.0903629116936455
      ],
      [
        -2.093305828780418,
        1.9532253147015184,
        -1.989352528315126,
        2.8373086760555397,
        -0.40694423387208134
      ],
      [
        1.409303922093139,
        1.353572040438491,
        0.7086468822018357,
        -0.7193420515724871,
        -1.4847015715170722
      ],
      [
        2.1567332945780535,
        1.1474499151706032,
        1.698702709930975,
        -1.4247094167859315,
        -0.9069034941417542
      ],
      [
        -1.5327243391443959,
        -1.617098264665798,
        -0.5552501915210866,
        -0.41709099611615386,
        0.5161247285776908
      ],
      [
        1.0145538130468905,
        0.8818879069070511,
        3.63081025549506,
        1.3404693305053583,
        -0.42913803506759063
      ],
      [
        -3.454315878829917,
        -0.40919389826845,
        -4.489076725443079,
        0.31839011162871755,
        0.46451660524284916
      ],
      [
        2.3278605728927344,
        1.0265121185213801,
        -0.46624758008008627,
        0.11415837162243081,
        0.42944824538366944
      ],
      [
        -0.2528477382357365,
        -0.9362536231983531,
        -0.40620842216053255,
        -2.2308514716518286,
        0.9161712656046209
      ],
      [
        -0.11319047705666496,
        1.396185032964623,
        1.1034546490455304,
        -0.42031145926231606,
        0.07840892250607703
      ],
      [
        -1.0280942248012022,
        1.50502929293935,
        -0.573452932996934,
        1.0239610872325626,
        2.9761969281549727
      ],
      [
        3.9084721483624554,
        -1.632846755766455,
        1.6227225197257866,
        -1.8259532893723858,
        1.2049706473007482
      ],
      [
        2.5017940263913516,
        -1.3792512799306413,
        1.1000685434599804,
        -0.3138874809873977,
        0.8136885759566508
      ],
      [
        -1.224292209617947,
        0.8021628180062812,
        -1.3197046398496326,
        0.23143195667030714,
        2.5056892096419725
      ],
      [
        2.1367261139189315,
        -3.4856836761147614,
        1.708804602276707,
        1.1871626584046953,
        0.3581718453613483
      ],
      [
        0.5078312180926207,
        -0.3295359820304389,
        0.70255012414375,
        -1.1456481022100526,
        -1.1179451563669505
      ],
      [
        -1.1188914720068042,
        2.6337969636666916,
        -2.1266549722980894,
        -1.5815929264381867,
        -1.5304787431872526
      ],
      [
        -1.5127194948214981,
        1.4937458432031372,
        1.0061121702556488,
        0.8515446878067211,
        1.318838621090771
      ],
      [
        -0.5615499929048503,
        1.4731043605557659,
        -0.44081715150485423,
        -0.8714611108593667,
        0.29555045097915267
      ],
      [
        2.768219671810508,
        -2.3369060358052005,
        1.6097614589316658,
        -0.24960507808240306,
        -0.18346915359646365
      ],
      [
        -0.8360337496534445,
        1.5015400309321787,
        1.2861387310336205,
        -0.5390436696309381,
        -0.5735851583400942
      ],
      [
        2.5167461458926432,
        0.7459648013288959,
        -0.09590338344634919,
        -1.1222486439581478,
        -1.3396284981937914
      ],
      [
        -1.0147678644625924,
        -0.6410421713686951,
        -1.5698574316186873,
        1.4566133964284012,
        0.6587051257097538
      ],
      [
        1.9733291858963304,
        1.1169199970260555,
        0.09854527744949937,
        -0.7377614587308716,
        -0.6982160283153525
      ],
      [
        -1.3722808099311832,
        -0.07000917758941738,
        0.20160774114602553,
        0.9398344616666149,
        -0.7294741023038305
      ],
      [
        -2.5282330157223374,
        3.5611836608879925,
        1.8605915396576105,
        -0.5922716123268308,
        0.4716881051978408
      ],
      [
        -0.8981283811100678,
        2.018320630648327,
        2.6527962280720625,
        -0.1142384314780871,
        -1.5297643031728079
      ],
      [
        -2.0833018536327503,
        3.3690315715494186,
        -0.7745597828753935,
        -0.06930577011525096,
        -1.613410655550792
      ],
      [
        1.177206477229876,
        2.2152724099126355,
        -1.9500157110697447,
        -4.040968677078013,
        -0.7471078889402628
      ],
      [
        0.5537524540399676,
        -1.525528309407397,
        -0.7976547052453216,
        -1.183306469801321,
        0.2434565106998877
      ],
      [
        -0.6105025662389447,
        0.8888723230787462,
        -0.7968658715564929,
        -1.377835359113978,
        -1.2105011590693684
      ],
      [
        0.42809336820622257,
        -1.3078621778959953,
        1.920006482830543,
        1.711914074565661,
        -0.11197252059461717
      ],
      [
        -0.8746992170673344,
        1.0013954776578167,
        -1.1496054220363932,
        1.1274646676136064,
        -0.9473413799421244
      ],
      [
        0.4351417297898539,
        2.468035207982073,
        1.3597766687045594,
        0.14161801053865863,
        1.1288887430469075
      ],
      [
        -1.316354393740594,
        1.7447043189190714,
        -0.8260842479118651,
        -0.5395199782805487,
        -0.03881228272002653
      ],
      [
        -2.0467818569006244,
        1.7705631387579754,
        0.8710009876589777,
        0.025003475713355927,
        -2.7846356447821003
      ],
      [
        0.4722455552334963,
        -3.285525882695985,
        -0.37833889068831683,
        0.07796474116965779,
        0.1835118230877355
      ],
      [
        -1.2057849615120277,
        0.46663015142374686,
        -1.4101938566940178,
        1.375448209627129,
        -0.13510030791493735
      ],
      [
        -1.0374287058871912,
        2.723265053557693,
        0.26113221575902124,
        0.3348640744168849,
        0.05515587641861207
      ],
      [
        -1.1857803122699395,
        2.181849273260416,
        -0.535827451618297,
        2.4454217757948165,
        -1.583406721039512
      ],
      [
        -1.2836726269968455,
        -2.0464004396887727,
        -0.5491428892878176,
        -0.7464230879328351,
        0.4754936414491742
      ],
      [
        -0.1232076761905222,
        -0.5453159584552847,
        -1.5803539527681982,
        -1.3218342992749428,
        -0.5084059548937526
      ],
      [
        -1.342855842324175,
        1.8987807906984981,
        -0.3857743745520942,
        -0.494408125818216,
        -0.47358878097710866
      ],
      [
        -0.7887772307874832,
        1.3708754689974054,
        -1.4964195799479074,
        -0.6509997402819672,
        1.9070189019105557
      ],
      [
        3.756892593447368,
        -4.962877470569682,
        4.32948241457207,
        -0.03674594378125784,
        -0.329273707055818
      ],
      [
        0.5017586486565354,
        -0.7575359400353163,
        2.0341902007374433,
        1.3629069040074289,
        -0.2688341767951755
      ],
      [
        -0.025078713456814006,
        0.6912535906379713,
        -0.42561202570800705,
        -1.780755607942077,
        0.5525331523474403
      ],
      [
        -0.6154692039826049,
        -0.8587406172499583,
        1.6823379115862722,
        0.08852695651887621,
        1.415482802510849
      ],
      [
        -1.7123424505850777,
        -0.346696654436468,
        -3.658041858284207,
        -0.6495196141031934,
        -0.6807442745705536
      ],
      [
        -2.1163134159822796,
        -1.0636640836646218,
        -2.0414700988867103,
        0.2545712161920102,
        0.3531576232226657
      ],
      [
        -0.9951270487725243,
        1.4541155232723475,
        -1.8978852778686606,
        -1.2490882146824442,
        0.054919298652257045
      ],
      [
        -1.0212420638761701,
        0.23938726553589018,
        0.6985867918205506,
        0.5475245017229495,
        0.9518830180285539
      ],
      [
        1.725620368297207,
        -1.3677064855603354,
        0.7281570864811564,
        0.3227852366288557,
        -0.629871645620782
      ],
      [
        -0.3867442134403105,
        1.355543795061633,
        2.904035051846174,
        -1.6484032408250333,
        0.1488902276522236
      ],
      [
        -2.594153871455736,
        3.687237807572828,
        2.05826788634237,
        -1.52219338323949,
        0.4753188602123068
      ],
      [
        1.3801967205584056,
        -2.8088757713275614,
        1.493540736078542,
        -1.4068276010955516,
        -0.5737538003081647
      ],
      [
        0.18545983185205972,
        2.057857124682524,
        2.944977429554024,
        1.5449331863997569,
        -0.4734261927004959
      ],
      [
        2.8611833059273604,
        -0.8492796231627897,
        -0.2866235484514288,
        -1.6834893500240762,
        1.038826145111929
      ],
      [
        2.451576596990095,
        -0.6120876860446569,
        1.3334987736774089,
        -0.8484815239850765,
        -0.43986428761541757
      ],
      [
        0.5715941764400634,
        0.07660852324376055,
        -0.5961543226777508,
        0.975911270319827,
        -1.5011644483430868
      ],
      [
        -1.9009389627315798,
        2.3756065471428744,
        -0.9005810838520418,
        -0.08867453505300438,
        -0.5007863824175939
      ],
      [
        -1.3603544104216183,
        -0.9414556420644647,
        -1.6708965320409446,
        -0.0791521270519343,
        -1.2418405167055335
      ],
      [
        1.2489579673752373,
        0.06851017405591131,
        0.6225270167546064,
        0.08067927412252118,
        -0.4702814467294437
      ],
      [
        2.0691421485771686,
        0.35471907428198135,
        0.18322529647510954,
        -1.214728355009816,
        -0.567163167935395
      ],
      [
        -0.3601201965560257,
        -0.6078933637697654,
        1.7646151190342658,
        0.6591661179767916,
        -1.5557499758716284
      ],
      [
        -0.9671629346293551,
        1.8255866157741738,
        -0.07826811189667005,
        0.1598276458992296,
        1.6420961711074433
      ],
      [
        -1.1372491925621815,
        2.3808679451065355,
        0.08744020001598707,
        0.8704141933025553,
        -1.0186194481044872
      ],
      [
        -0.47818866312811403,
        2.076410179647234,
        -0.10111604189754919,
        2.161106670077757,
        1.4142512626124135
      ],
      [
        2.46659491535063,
        -1.5711602339629183,
        1.6131395304765341,
        -0.4442327565554123,
        1.564704584933529
      ],
      [
        2.569454965138032,
        -2.3015272030179847,
        -1.8894784344562856,
        -1.5383430233475788,
        -1.362703603539979
      ],
      [
        1.9736670856817908,
        1.5973053918447913,
        0.44973953534153177,
        -0.20152084828505856,
        -0.7206322353031837
      ],
      [
        -1.2924170112338405,
        1.3157534985535246,
        -1.7983939437432839,
        0.01594351110477643,
        0.08703522814667258
      ],
      [
        -1.0128443747988338,
        0.2618007470954141,
        -1.478765376369728,
        0.8058790038473245,
        0.027264704818878514
      ],
      [
        -2.90507035970085,
        2.2432525555390708,
        -0.16300555703444064,
        -0.5033780502364766,
        0.16135322587890272
      ],
      [
        -2.9144896432661804,
        -0.5845527233293046,
        -1.1488579790355837,
        -0.5729380707849241,
        0.8202457394862555
      ],
      [
        -2.417876130073859,
        0.4784881855742156,
        -2.676240494773382,
        -1.367941531394067,
        0.6963511266524872
      ],
      [
        -1.146361025534805,
        -0.4129383254729786,
        0.9198045961927864,
        0.19356716334859692,
        -0.9475397872859123
      ],
      [
        -1.100682346473002,
        1.6538795770177956,
        -1.5858478095691444,
        -0.3702252798282655,
        -0.7794261958775333
      ],
      [
        -0.8452986799592086,
        -0.0931873070141227,
        -1.2957756954728312,
        2.1068781574835085,
        0.38784488153046615
      ],
      [
        -0.1531240060807073,
        -1.5486877764892217,
        0.13668015119866528,
        -0.9457409361235488,
        1.2884063401784895
      ],
      [
        -2.5854446904844743,
        2.190442166733457,
        -1.7303901883292148,
        0.5374501846263458,
        -1.8673518263691093
      ],
      [
        -0.8262648785397377,
        1.0030983651039758,
        -0.7405183793412048,
        -1.27792007463383,
        1.7058248593376857
      ],
      [
        -0.8205432334313525,
        0.20514177725571192,
        -2.1329185934347663,
        -1.5615368705173593,
        0.7079243669696743
      ],
      [
        -1.069253302057233,
        2.887808581326394,
        0.576682771326708,
        0.48846494951011243,
        1.0098949610496601
      ],
      [
        -1.0684324178635498,
        1.6511891565527312,
        0.42138125511348945,
        1.6301401276801681,
        -0.4968590326726214
      ],
      [
        1.0070632189973774,
        -0.8601760823822997,
        2.0516443385368444,
        0.6458746055752422,
        1.7061639733977114
      ],
      [
        -3.3879892198914576,
        4.427214350662166,
        1.1007519261438252,
        -0.9244883468508178,
        -0.796502958657587
      ],
      [
        -1.0920398514765384,
        -0.6879013042003388,
        -1.0121321345120118,
        -1.1407633212636725,
        -0.07167403655743708
      ],
      [
        -1.38569707947366,
        -0.5851312610765189,
        -2.5557317889594273,
        -0.4683014210443581,
        0.7423649162591182
      ],
      [
        -1.4561623851392826,
        1.9136538028161318,
        -2.2201570307868126,
        -0.7218508883585673,
        -0.032330250925114046
      ],
      [
        2.890703827435414,
        1.2251735374853812,
        0.5577098710470756,
        -0.7306034176150633,
        0.17595665722124415
      ],
      [
        1.188533977723465,
        2.110050179790589,
        1.6685839413203611,
        -0.6757675930872853,
        -1.06025827394612
      ],
      [
        -1.5773951414344243,
        1.2615520403214826,
        -0.8953266500778794,
        2.663886804763475,
        0.3264233650707143
      ],
      [
        -1.7010284665207438,
        0.8803423846152916,
        -0.7425907175896984,
        0.4265585081678631,
        2.2084505258661813
      ],
      [
        1.4641590568532228,
        1.7444588501462794,
        -0.08078832917785617,
        -0.9540553517443757,
        0.6433539310540702
      ],
      [
        -2.720543338476654,
        2.3216127663443844,
        0.8014408470210622,
        -0.29442331982150316,
        0.7754725724889143
      ],
      [
        0.9844906539217712,
        0.5711224733318472,
        1.074624795362785,
        -0.7476951776120893,
        2.256484015427542
      ],
      [
        2.293711350372175,
        0.8618111601387662,
        0.3224467014760065,
        -1.0324536906810344,
        1.107323896243615
      ],
      [
        3.8028452499695877,
        -4.631365098848377,
        2.950161742656068,
        -0.038833277715548675,
        0.5170157301179603
      ],
      [
        -2.150792874058468,
        2.1820852903149923,
        2.7342610220467876,
        -2.2320238993073707,
        -0.4024511086268375
      ],
      [
        1.153641775698339,
        2.276296200934665,
        1.7984750443728341,
        -0.8304538857230835,
        -0.03703591371911794
      ],
      [
        1.7950708145427172,
        -1.1403203322606732,
        0.13034395971855262,
        -1.849005658671858,
        -1.911253679894024
      ]
    ],
    "y": [
      0,
      0,
      1,
      0,
      0,
      1,
      1,
      2,
      0,
      0,
      1,
      1,
      1,
      1,
      0,
      2,
      2,
      0,
      1,
      0,
      2,
      2,
      0,
      1,
      0,
      2,
      1,
      2,
      2,
      0,
      0,
      2,
      0,
      2,
      1,
      1,
      1,
      0,
      2,
      2,
      2,
      2,
      1,
      1,
      1,
      1,
      1,
      0,
      1,
      0,
      2,
      2,
      2,
      1,
      0,
      2,
      2,
      1,
      0,
      0,
      2,
      1,
      0,
      0,
      1,
      1,
      0,
      0,
      1,
      1,
      0,
      2,
      1,
      0,
      1,
      2,
      0,
      0,
      1,
      0,
      0,
      2,
      1,
      2,
      2,
      2,
      0,
      2,
      2,
      2,
      2,
      1,
      0,
      0,
      1,
      2,
      2,
      0,
      1,
      1,
      1,
      2,
      2,
      0,
      1,
      0,
      0,
      1,
      2,
      2,
      0,
      1,
      0,
      1,
      2,
      2,
      0,
      1,
      2,
      2
    ]
  },
  "params": {},
  "expected": {
    "classes": [
      0,
      1,
      2
    ],
    "predicted_classes": [
      0,
      0,
      1,
      2,
      0,
      2,
      1,
      1,
      0,
      0,
      1,
      0,
      1,
      2,
      0,
      0,
      0,
      2,
      1,
      2,
      2,
      2,
      0,
      2,
      0,
      2,
      0,
      1,
      2,
      0,
      0,
      2,
      0,
      0,
      1,
      1,
      1,
      0,
      1,
      2,
      0,
      2,
      0,
      1,
      1,
      1,
      2,
      0,
      1,
      0,
      2,
      2,
      1,
      1,
      0,
      2,
      1,
      2,
      0,
      0,
      1,
      2,
      0,
      0,
      1,
      0,
      0,
      0,
      2,
      1,
      0,
      1,
      1,
      0,
      2,
      0,
      2,
      2,
      1,
      0,
      2,
      2,
      0,
      2,
      1,
      2,
      0,
      0,
      2,
      2,
      0,
      1,
      0,
      1,
      1,
      2,
      0,
      0,
      1,
      1,
      0,
      1,
      2,
      0,
      1,
      0,
      0,
      2,
      2,
      2,
      2,
      1,
      2,
      1,
      2,
      2,
      0,
      1,
      2,
      0
    ],
    "predicted_proba": [
      [
        0.6355184048077271,
        0.19753321385797631,
        0.1669483813342966
      ],
      [
        0.8815130885435449,
        0.09627428559850071,
        0.022212625857954398
      ],
      [
        0.07465616546313847,
        0.8040094153915529,
        0.1213344191453088
      ],
      [
        0.20305700657685025,
        0.0974868044492923,
        0.6994561889738574
      ],
      [
        0.7180605762201226,
        0.008652411594312188,
        0.27328701218556517
      ],
      [
        0.042632445919573096,
        0.4526891189982894,
        0.5046784350821374
      ],
      [
        0.09095297628058968,
        0.593197317338346,
        0.3158497063810643
      ],
      [
        0.09871239784826746,
        0.6874810671028079,
        0.2138065350489247
      ],
      [
        0.516316218559209,
        0.15506702957906623,
        0.3286167518617249
      ],
      [
        0.8440179031527519,
        0.05454026367036509,
        0.10144183317688305
      ],
      [
        0.03957347393012685,
        0.5793768226112315,
        0.3810497034586417
      ],
      [
        0.5404263874245395,
        0.3707286692889556,
        0.08884494328650484
      ],
      [
        0.12189894194429717,
        0.5683279411327387,
        0.3097731169229643
      ],
      [
        0.15193419486096602,
        0.2773027326874817,
        0.5707630724515523
      ],
      [
        0.5983244125228318,
        0.23238063439722598,
        0.16929495307994227
      ],
      [
        0.5723545212163674,
        0.056117572959543026,
        0.37152790582408957
      ],
      [
        0.6134045027257856,
        0.11188243637212537,
        0.2747130609020889
      ],
      [
        0.21678637686634963,
        0.040764145452286175,
        0.7424494776813643
      ],
      [
        0.23189863656121823,
        0.5324564889491485,
        0.23564487448963334
      ],
      [
        0.0889318648235332,
        0.19439228963654356,
        0.7166758455399231
      ],
      [
        0.05463326490680483,
        0.19900111139804338,
        0.7463656236951517
      ],
      [
        0.05072876058249507,
        0.22248023088609897,
        0.7267910085314059
      ],
      [
        0.873284328091123,
        0.10111473556110691,
        0.025600936347770022
      ],
      [
        0.0657737855295108,
        0.4174605956969227,
        0.5167656187735665
      ],
      [
        0.8560676615301525,
        0.08682111348138925,
        0.05711122498845836
      ],
      [
        0.05458759070807988,
        0.020313760429764873,
        0.9250986488621553
      ],
      [
        0.687137866967683,
        0.21895173212233382,
        0.0939104009099833
      ],
      [
        0.05714498215882881,
        0.5423395943261119,
        0.4005154235150593
      ],
      [
        0.09506471740950909,
        0.2504439199016433,
        0.6544913626888477
      ],
      [
        0.632488879552678,
        0.021086178628951596,
        0.34642494181837036
      ],
      [
        0.6739035339543046,
        0.027912109706513838,
        0.2981843563391816
      ],
      [
        0.26372109930332316,
        0.26643072240724225,
        0.4698481782894347
      ],
      [
        0.9810815553344033,
        0.00233759034735974,
        0.01658085431823695
      ],
      [
        0.43437490546405,
        0.3143764218252726,
        0.25124867271067747
      ],
      [
        0.0241200245929772,
        0.49630137596322355,
        0.4795785994437992
      ],
      [
        0.05597380038321314,
        0.6798087783051523,
        0.26421742131163456
      ],
      [
        0.07975771932258727,
        0.4692030561736453,
        0.4510392245037675
      ],
      [
        0.8872301974704975,
        0.012619751015292275,
        0.10015005151421018
      ],
      [
        0.03668594669378209,
        0.7718369587444744,
        0.1914770945617435
      ],
      [
        0.09140775082119419,
        0.0521622490333726,
        0.8564300001454332
      ],
      [
        0.7659364744705944,
        0.05613617458732866,
        0.1779273509420768
      ],
      [
        0.06409792081779596,
        0.07640736221692879,
        0.8594947169652752
      ],
      [
        0.4348835013500548,
        0.3876374838385398,
        0.17747901481140538
      ],
      [
        0.0007422112941281361,
        0.9611657316194866,
        0.03809205708638542
      ],
      [
        0.008993915692320565,
        0.8865353023209683,
        0.10447078198671117
      ],
      [
        0.005731556784197584,
        0.733014560847885,
        0.26125388236791736
      ],
      [
        0.026360973461960927,
        0.23796354895769878,
        0.7356754775803404
      ],
      [
        0.8746723982500348,
        0.04053638571163866,
        0.08479121603832658
      ],
      [
        0.16831235175854986,
        0.5115941720390851,
        0.320093476202365
      ],
      [
        0.7580000602651312,
        0.09206317164822672,
        0.14993676808664205
      ],
      [
        0.20279420235947201,
        0.22335923938572455,
        0.5738465582548035
      ],
      [
        0.011881198273903234,
        0.3002406041504321,
        0.6878781975756646
      ],
      [
        0.06268848062495908,
        0.5765444897818642,
        0.36076702959317664
      ],
      [
        0.02023101710590102,
        0.9021944363518203,
        0.07757454654227867
      ],
      [
        0.989386868317646,
        0.003382834699080001,
        0.0072302969832739195
      ],
      [
        0.39073154658556253,
        0.17844478029107966,
        0.43082367312335795
      ],
      [
        0.0127882582249192,
        0.5312506088352202,
        0.45596113293986057
      ],
      [
        0.04088994164847437,
        0.24403675906490238,
        0.7150732992866232
      ],
      [
        0.924998184761295,
        0.05972329339889344,
        0.015278521839811493
      ],
      [
        0.68606604909585,
        0.12140555866138245,
        0.19252839224276758
      ],
      [
        0.041969612739929815,
        0.6585866427007884,
        0.2994437445592817
      ],
      [
        0.12510196534134602,
        0.28939375313636917,
        0.5855042815222848
      ],
      [
        0.9951653676090644,
        0.0012316096729655956,
        0.003603022717969868
      ],
      [
        0.5652289914885367,
        0.1765142088024774,
        0.258256799708986
      ],
      [
        0.19307810752967133,
        0.4154869811829206,
        0.39143491128740815
      ],
      [
        0.552761546141272,
        0.3440744126235339,
        0.10316404123519411
      ],
      [
        0.7825410136797619,
        0.08924959149397275,
        0.12820939482626528
      ],
      [
        0.868139190365394,
        0.08586448944707416,
        0.04599632018753186
      ],
      [
        0.12040350314858718,
        0.4074939455799065,
        0.47210255127150647
      ],
      [
        0.2932395844918765,
        0.46194779655159557,
        0.24481261895652806
      ],
      [
        0.7471528930089409,
        0.033426674595823054,
        0.21942043239523618
      ],
      [
        0.015588901933114636,
        0.9085303785986732,
        0.07588071946821201
      ],
      [
        0.00036204535002727704,
        0.9805728705398719,
        0.019065084110101018
      ],
      [
        0.9551168289220512,
        0.025366929066431794,
        0.01951624201151701
      ],
      [
        0.016157516209831,
        0.48537015856923865,
        0.4984723252209303
      ],
      [
        0.48834678156039707,
        0.023701935130738004,
        0.48795128330886484
      ],
      [
        0.41213590090819774,
        0.0815044425074639,
        0.5063596565843383
      ],
      [
        0.37226061459069754,
        0.07986921123390003,
        0.5478701741754025
      ],
      [
        0.026681258548213592,
        0.6682852651516026,
        0.3050334763001838
      ],
      [
        0.8244977052856203,
        0.10394876748098371,
        0.07155352723339606
      ],
      [
        0.2904767841599421,
        0.12438095407221206,
        0.5851422617678458
      ],
      [
        0.17858644486081207,
        0.09126102841242877,
        0.7301525267267591
      ],
      [
        0.4765596901909745,
        0.3818298446219613,
        0.14161046518706416
      ],
      [
        0.0511583075272373,
        0.4517538824128857,
        0.497087810059877
      ],
      [
        0.0234325662479411,
        0.5026656695624319,
        0.47390176418962704
      ],
      [
        0.03333843305697614,
        0.132810349281748,
        0.8338512176612758
      ],
      [
        0.7263967182243439,
        0.03295155722419569,
        0.24065172455146047
      ],
      [
        0.9244558186773874,
        0.0029325822203954306,
        0.07261159910221723
      ],
      [
        0.02944199343701885,
        0.06791027558957799,
        0.9026477309734031
      ],
      [
        0.15876446352349274,
        0.3292088265900335,
        0.5120267098864738
      ],
      [
        0.4543577144821776,
        0.16836688779726877,
        0.3772753977205536
      ],
      [
        0.013210853914755974,
        0.9181897450188999,
        0.06859940106634416
      ],
      [
        0.5504763667363519,
        0.41364555992934876,
        0.03587807333429939
      ],
      [
        0.38160847772723544,
        0.47065425197394223,
        0.14773727029882247
      ],
      [
        0.42632088671330354,
        0.4693566618100385,
        0.10432245147665795
      ],
      [
        0.09264700646964202,
        0.3971133439162005,
        0.5102396496141575
      ],
      [
        0.561550167571217,
        0.07303989206537918,
        0.36540994036340385
      ],
      [
        0.851761929671806,
        0.0890849647847692,
        0.05915310554342496
      ],
      [
        0.04691354783201461,
        0.677964131502707,
        0.2751223206652785
      ],
      [
        0.15364259776717168,
        0.48225647073565214,
        0.3641009314971762
      ],
      [
        0.46932202386871846,
        0.2417399256614338,
        0.28893805046984766
      ],
      [
        0.009417266968050474,
        0.5312278928408064,
        0.4593548401911431
      ],
      [
        0.06489040410465104,
        0.4267416138248034,
        0.5083679820705455
      ],
      [
        0.5706941565115549,
        0.1338178066546439,
        0.29548803683380126
      ],
      [
        0.00018064910042641245,
        0.9806203365206672,
        0.01919901437890649
      ],
      [
        0.6789965600630364,
        0.22756037922016145,
        0.09344306071680208
      ],
      [
        0.7880284743672418,
        0.091195881363679,
        0.12077564426907933
      ],
      [
        0.07704376609984363,
        0.416119145252514,
        0.5068370886476424
      ],
      [
        0.0331596401419993,
        0.03347973127056491,
        0.9333606285874357
      ],
      [
        0.016016374342033676,
        0.33306676945993274,
        0.6509168561980335
      ],
      [
        0.1633236713347777,
        0.21417084263439365,
        0.6225054860308286
      ],
      [
        0.21614746197844323,
        0.4446693507032383,
        0.33918318731831837
      ],
      [
        0.031463998122632335,
        0.10363000241528195,
        0.8649059994620858
      ],
      [
        0.008191252758636351,
        0.9341858817321687,
        0.05762286550919501
      ],
      [
        0.15637026723214062,
        0.2370068744325881,
        0.6066228583352713
      ],
      [
        0.07567143296726518,
        0.05958209274058577,
        0.864746474292149
      ],
      [
        0.992998413224095,
        0.0007033937975401144,
        0.006298192978364849
      ],
      [
        0.001619166302233514,
        0.989099860887661,
        0.009280972810105516
      ],
      [
        0.01209611927649796,
        0.3439908910119761,
        0.643912989711526
      ],
      [
        0.7120098112808566,
        0.07896687162693665,
        0.20902331709220676
      ]
    ],
    "means": [
      [
        0.33293459183591395,
        -1.0528786333651725,
        -0.18691026069513414,
        -0.2022634206140042,
        0.11620817214678776
      ],
      [
        -1.2660805184663098,
        1.439623130530647,
        0.1305079328573777,
        -0.2786412075425432,
        -0.11083471526576778
      ],
      [
        0.19966406280513732,
        1.0283957086116366,
        -0.09294480566363608,
        -0.07772424701451312,
        -0.020473293379116214
      ]
    ],
    "priors": [
      0.3333333333333333,
      0.3333333333333333,
      0.3333333333333333
    ]
  },
  "sklearn_version": "1.5.2",
  "sklearn_pin": "scikit-learn==1.5.2"
}