{
  "description": "MLPClassifier \u2014 single hidden layer, Adam (matches ferrolearn solver)",
  "sklearn_version": "1.5.2",
  "sklearn_pin": "scikit-learn==1.5.2",
  "random_state": 42,
  "input": {
    "X": [
      [
        -0.7752317936676876,
        -1.688902915245118,
        -1.9675590504900051,
        -2.600903999054875,
        -1.5313557518250116
      ],
      [
        1.3909034961852749,
        -2.78588652078034,
        1.8511003877934318,
        -2.114264240375535,
        3.9870815226490044
      ],
      [
        -0.03519693846248355,
        -3.8518159580082223,
        -0.04865611673085268,
        -1.4907776033348763,
        -0.9280668489145419
      ],
      [
        1.5971127225208108,
        0.8786452171142396,
        0.09534933056985473,
        -0.1335207567579615,
        0.20351833724154256
      ],
      [
        1.241713959652344,
        1.0057131421897505,
        -0.03111658840755127,
        -0.3279858080167346,
        0.6625939692304335
      ],
      [
        -0.29810526935296516,
        1.20401692896235,
        1.3899680636633585,
        -0.2538794205646431,
        -0.8258670236217798
      ],
      [
        0.866849063342143,
        -3.6264092474460843,
        -1.6082559000704961,
        -2.5481466636741796,
        -1.4755720913816506
      ],
      [
        0.5954011357104231,
        -0.4462881222602124,
        -1.286095449522373,
        -0.4243695352578374,
        -1.9133832043024332
      ],
      [
        -0.8750086674580759,
        -0.815746566213455,
        0.6937472163987448,
        -0.7489211867921464,
        -0.1846844199330817
      ],
      [
        1.9734608916025578,
        -0.8955472272919648,
        -1.4849835949843893,
        -1.8088863081830975,
        -1.4541671851468936
      ],
      [
        -0.7025511171201643,
        -3.005300588529538,
        -0.7115043899407414,
        -2.6769513833195373,
        -1.9888686120731223
      ],
      [
        0.7423649162591182,
        0.939449306737321,
        1.2697319554072894,
        0.4842327006796344,
        -0.9952388445338209
      ],
      [
        0.6386236498376441,
        0.6093736064084572,
        -2.5739300619470296,
        1.0102531066368348,
        1.0279249372277977
      ],
      [
        0.07526594592918776,
        -1.3271988733170685,
        2.68677102311186,
        1.4123976052437381,
        -1.399380331013286
      ],
      [
        -0.3582092004907793,
        -0.8729342285511027,
        0.10299108517568278,
        -0.9168794650717438,
        -0.43394316543912015
      ],
      [
        -0.07167403655743708,
        0.7611981385293457,
        0.7526808198607831,
        -0.3908500262168365,
        1.3776972049739442
      ],
      [
        0.4754936414491742,
        1.3571251467624257,
        1.1836467273572409,
        -0.35050080739092326,
        -1.4818562480798028
      ],
      [
        -1.7072771556275985,
        1.3224159915059,
        0.4254895851555851,
        3.074285943639393,
        -0.5999495901337513
      ],
      [
        -0.04130843058077276,
        -1.6295142791234085,
        0.09813636620550259,
        -1.4677462740336717,
        -0.02700541554218483
      ],
      [
        -1.9449392903707496,
        1.5396044052714593,
        2.2741603005573516,
        -0.6547291557615209,
        1.0446764782615976
      ],
      [
        0.22966246423314007,
        1.0968800837164072,
        1.861214111875411,
        -0.5385221127594739,
        1.5106302994618903
      ],
      [
        0.2609064338316734,
        -0.38382555760727843,
        0.1826023506646175,
        -1.4016515499803321,
        0.972074893943318
      ],
      [
        -0.7710865405044399,
        -0.6536096113598516,
        0.4257598535748224,
        -2.856789242000975,
        -0.6208436628157561
      ],
      [
        0.5761745994711011,
        0.6008282369473592,
        1.2127424570762229,
        0.5389004861698146,
        0.366779925476147
      ],
      [
        0.18150697762731,
        -2.420554508754222,
        -2.25704953332894,
        -1.7706521643646878,
        -1.6988622523508767
      ],
      [
        0.2434565106998877,
        2.408898166119458,
        1.9965838079209521,
        1.7678525530441567,
        0.04418669786807872
      ],
      [
        0.012951537954094748,
        0.8962454123557339,
        -0.3024468165463112,
        0.5155332576002847,
        0.3626891274773717
      ],
      [
        -0.582580915634934,
        0.7502518128823392,
        2.206055441074584,
        -0.9788684381274193,
        1.3298613914827355
      ],
      [
        0.19209038063264924,
        -0.30594886034940616,
        0.03570911486093786,
        -1.4081656161088978,
        -0.5106524879439027
      ],
      [
        2.0844772305415638,
        -1.2343175049525998,
        2.1874725845530745,
        -1.8794835030333101,
        3.228515001290248
      ],
      [
        0.47682809432411033,
        1.6952485840708438,
        -1.1272042212140698,
        1.589161032909984,
        2.0623227554348906
      ],
      [
        0.12743440666809006,
        -1.3543167361056678,
        -0.38417148588881,
        0.004719251265614899,
        -0.4751827379827468
      ],
      [
        -2.0791277229744964,
        -1.8483992359398096,
        -1.3362381687799099,
        -0.45443390143749074,
        -0.555479685353715
      ],
      [
        -1.0238185194890543,
        0.2930981015994383,
        1.219950619931522,
        -1.065265356373359,
        1.5691294730181435
      ],
      [
        0.8158516204890898,
        1.8101879511020056,
        1.463509765152161,
        -0.1527088299646553,
        0.07513494388278774
      ],
      [
        -1.4152025195175149,
        -0.6093283942938676,
        2.7834014344518767,
        -0.8558548000426855,
        2.582110886556671
      ],
      [
        0.9078719472424277,
        -0.3279475617029717,
        1.5908734392182886,
        -0.8226818036223056,
        1.0955659667549469
      ],
      [
        0.4514111986474981,
        0.8578820606216968,
        -1.7334321174523877,
        -0.24290926257937362,
        -0.36922052698026686
      ],
      [
        -0.021474962374660032,
        -1.469124160476627,
        1.669855610012116,
        -0.7529570090667926,
        2.2441967671507363
      ],
      [
        -2.007568021362774,
        -0.1592355399045875,
        1.4945798238047736,
        0.8761745877724774,
        -0.09051723372342102
      ],
      [
        0.5667559269188263,
        0.8774470147327835,
        -1.21106511200198,
        0.9147396080980293,
        0.7201877878586321
      ],
      [
        -0.19796296870131533,
        -0.12724952929240207,
        1.5127446247159915,
        2.217979084860463,
        1.169153644569089
      ],
      [
        0.22333615869635526,
        0.20548308253796854,
        -0.051741410692814016,
        -1.435561254452594,
        -0.021058124721844873
      ],
      [
        -0.9096929501484529,
        0.5007550862473154,
        -1.3610611679743538,
        1.5532216356664463,
        1.169282377435892
      ],
      [
        0.764204388001908,
        1.1614862322740225,
        -2.1685248269724964,
        0.9422845651474343,
        1.0069367729705905
      ],
      [
        -1.7295800930091456,
        0.5173123784727809,
        1.232145279187122,
        -1.3645483184550722,
        0.9898512820257634
      ],
      [
        1.505025114660821,
        0.3608261191858,
        0.4022548530135869,
        -1.131940302879264,
        0.6165989667878023
      ],
      [
        0.023751481997746904,
        -1.5950608672765578,
        -0.22693102541262844,
        -2.227347932418386,
        -0.41728793461336045
      ],
      [
        -0.08576316923283368,
        1.1058595912313143,
        0.8344882116654955,
        0.13138976506063937,
        -0.21542844886575963
      ],
      [
        -1.1932601156384257,
        -0.1393859536266404,
        1.5533222712669001,
        -1.0187528042170784,
        -0.08220194540269798
      ],
      [
        1.1895997812847487,
        -0.5393474424282502,
        0.28462267300956057,
        -1.0229630112430455,
        -0.8569144321866543
      ],
      [
        1.5628135662081106,
        -0.041595434905228545,
        1.5908936270240566,
        -0.915800778436904,
        -0.5066018513805834
      ],
      [
        0.5556402396335344,
        -0.01123507783066835,
        1.736851344292579,
        -1.3076835410962566,
        -0.8654724107174884
      ],
      [
        -1.2588420415521953,
        -2.1753603498395133,
        1.4659011654669374,
        -1.991481435114827,
        2.926101502331965
      ],
      [
        -1.4002155510135357,
        2.6127303926748047,
        2.3058539075489257,
        -0.01539438662441528,
        0.22111534402256794
      ],
      [
        1.241970598009856,
        1.955661876356943,
        0.16485843173482428,
        0.8042743090780528,
        1.5286479248693743
      ],
      [
        0.05655894958916795,
        -0.5094654337864035,
        -1.2433925732645366,
        0.005005298233223376,
        -1.7556526157474275
      ],
      [
        -0.5007863824175939,
        0.2929461909443065,
        0.7183221877296508,
        2.731408225635901,
        -0.39824560803946885
      ],
      [
        -0.37905764618232096,
        -1.8394927136471044,
        -2.195584364251297,
        -1.7224074260007671,
        -2.089141582530903
      ],
      [
        0.7114542651948267,
        -0.4174607708848479,
        1.2626049100815209,
        -0.7727034397125554,
        0.7977211727437233
      ],
      [
        0.28598016618828376,
        1.4906666132765427,
        0.3808601083463785,
        -0.13128119878086664,
        0.12944193765287137
      ],
      [
        1.2884063401784895,
        -0.3804417854315125,
        2.3811979105355516,
        -2.3895971106323843,
        2.370551442165928
      ],
      [
        0.3156359766812387,
        -0.9623655442413102,
        -1.5557085729518254,
        -0.9037402860244345,
        -1.962869120210299
      ],
      [
        0.6963511266524872,
        3.01497376679735,
        2.4977372272192913,
        1.3385166731390996,
        0.21563100719231332
      ],
      [
        -1.0595791462166488,
        0.4817938843209639,
        1.924541590894679,
        1.3106163894192329,
        0.9179264803176417
      ],
      [
        -0.5737538003081647,
        0.5170225871793988,
        0.8641041532077745,
        2.4689534691970323,
        -0.4214957278616376
      ],
      [
        0.29555045097915267,
        1.1892430898100999,
        1.4665698946204055,
        0.6600386690680655,
        -0.7804838479765308
      ],
      [
        1.0674561722347518,
        -1.2292775388331139,
        0.8767721338696131,
        -0.9683937735164193,
        1.317983853737986
      ],
      [
        -0.8756987416672425,
        0.5645426656487206,
        2.0350312520126637,
        1.399320376749947,
        0.7127205406620409
      ],
      [
        1.1888010076522058,
        -1.0485622841119078,
        0.13916517042244092,
        -0.011566579081132455,
        -1.1012767112773836
      ],
      [
        0.5319168922188459,
        -1.624469839285838,
        0.03375616757387101,
        -0.6851399324810818,
        -2.2981344884600494
      ],
      [
        0.9018634370178872,
        -2.91640190971433,
        0.39540715039805396,
        -2.422542776052052,
        -1.4993910033057385
      ],
      [
        -0.8712468811149293,
        1.1383923824447195,
        1.7906468150634667,
        0.6765483183173597,
        -0.6937590152033315
      ],
      [
        -0.28937794713269144,
        -1.98234363587827,
        1.5508603555145608,
        -1.9056924850722026,
        2.583972988156337
      ],
      [
        0.47103683141802105,
        -0.6790975913724792,
        1.9992754596007307,
        -0.5372609531212273,
        1.229199527643504
      ],
      [
        0.46451660524284916,
        1.805046192487652,
        1.6599726417167777,
        -0.26820815974383383,
        0.8602129940513801
      ],
      [
        -0.6170904082868751,
        -2.786641904740083,
        1.7000294406229444,
        -0.9330208444746638,
        2.5872707416033434
      ],
      [
        0.5161247285776908,
        0.37974550688569153,
        -1.061928539791157,
        4.9712812428712985,
        -0.9272890417657125
      ],
      [
        -2.1766813892721824,
        -0.8826342323968456,
        0.755164084229832,
        -1.062486699361149,
        -1.030993965256493
      ],
      [
        -0.3910340012304918,
        -0.2915154596002236,
        -0.08255251416559073,
        -4.285238049931252,
        -0.5295202536196743
      ],
      [
        2.1728422953733055,
        -0.3879649701054999,
        1.865118993008001,
        -0.015324675340545046,
        -0.7539020120039611
      ],
      [
        1.7089956631888337,
        1.73209302512805,
        -3.633901893660696,
        0.46501938923550235,
        1.1146501001776838
      ],
      [
        -0.5084059548937526,
        1.3177874927554105,
        0.12387680411313218,
        -0.25136209848773594,
        0.2826451236523396
      ],
      [
        1.7831128353750567,
        1.165037980579014,
        -0.4589112002896265,
        0.6120104299269093,
        0.7045926098299888
      ],
      [
        -0.008790556303355637,
        0.020396377142206212,
        1.780784584503908,
        -1.5925669533939675,
        0.8008193420634742
      ],
      [
        -0.2529193041069949,
        -0.9021821231503185,
        -1.7283393609872344,
        -0.15014685388717008,
        -1.7620315988465798
      ],
      [
        0.12250549833951899,
        -0.6913830870997038,
        -1.277153861253591,
        -1.073190855773568,
        -1.153607735782839
      ],
      [
        1.9070189019105557,
        1.834517671136004,
        -0.5964362717085632,
        5.31242894587356,
        -0.5249954001675283
      ],
      [
        0.8202457394862555,
        2.771119474603532,
        1.9853379472133197,
        1.2403178955585974,
        -0.2376520285981989
      ],
      [
        0.21586064818900524,
        0.09415054406187784,
        -2.801505759808132,
        1.1648566098398012,
        0.9879057261109339
      ],
      [
        0.9874930057007224,
        0.42040105301325814,
        0.3929513573378438,
        1.9292152083102903,
        1.36105464661252
      ],
      [
        -0.6807442745705536,
        1.506710506826169,
        -0.04341984196643267,
        3.063535587390575,
        -1.0202276037811013
      ],
      [
        0.3531576232226657,
        1.958027637665516,
        0.9361212333667801,
        2.5039413239017096,
        -0.4803697692992658
      ],
      [
        -0.22674942729822584,
        -2.8309472558463016,
        0.2435374095066848,
        -2.2322492544162373,
        -1.700973595578429
      ],
      [
        0.5525331523474403,
        1.2174417282637742,
        -0.6409000202223005,
        4.474032976873147,
        -0.8765553621597304
      ],
      [
        -1.2418405167055335,
        0.5643733277697853,
        1.872243338152811,
        -1.8686321902111163,
        1.3491215230775253
      ],
      [
        -0.559741974728272,
        -0.6010988449320571,
        1.6747918876277073,
        -4.0608039364478685,
        1.8022325372013532
      ],
      [
        2.0670440017513796,
        1.7095596196389162,
        2.162636175721248,
        -1.4792145609176688,
        0.8356444024757268
      ],
      [
        0.1739663291695697,
        -0.7762168738240842,
        1.2771237918361262,
        -2.409641272364089,
        1.7415108086786235
      ],
      [
        0.1835118230877355,
        2.313654673258905,
        1.5589935540795115,
        1.723390467381892,
        -0.3411964459243072
      ]
    ],
    "y": [
      0,
      2,
      0,
      0,
      1,
      1,
      0,
      2,
      1,
      0,
      1,
      2,
      0,
      1,
      0,
      1,
      2,
      2,
      2,
      1,
      1,
      1,
      1,
      1,
      0,
      2,
      0,
      1,
      0,
      2,
      0,
      0,
      2,
      1,
      0,
      2,
      2,
      0,
      2,
      2,
      0,
      0,
      1,
      0,
      0,
      1,
      1,
      0,
      0,
      1,
      1,
      1,
      1,
      2,
      1,
      0,
      0,
      2,
      0,
      2,
      0,
      1,
      0,
      2,
      0,
      2,
      2,
      2,
      0,
      2,
      2,
      1,
      1,
      2,
      0,
      1,
      2,
      2,
      1,
      1,
      1,
      0,
      1,
      0,
      2,
      0,
      0,
      2,
      2,
      0,
      0,
      2,
      2,
      1,
      2,
      1,
      1,
      1,
      2,
      2
    ]
  },
  "params": {
    "hidden_layer_sizes": [
      16
    ],
    "activation": "relu",
    "solver": "adam",
    "alpha": 0.0001,
    "max_iter": 500,
    "random_state": 42
  },
  "expected": {
    "predictions": [
      0,
      2,
      0,
      0,
      0,
      1,
      0,
      0,
      1,
      0,
      1,
      2,
      0,
      2,
      1,
      1,
      2,
      2,
      0,
      1,
      1,
      1,
      1,
      1,
      0,
      2,
      0,
      1,
      1,
      2,
      0,
      0,
      2,
      1,
      1,
      2,
      1,
      0,
      2,
      1,
      0,
      0,
      1,
      0,
      0,
      1,
      1,
      1,
      0,
      1,
      1,
      1,
      1,
      2,
      1,
      0,
      0,
      2,
      0,
      1,
      0,
      1,
      0,
      2,
      1,
      2,
      2,
      2,
      1,
      2,
      2,
      1,
      1,
      2,
      2,
      1,
      2,
      2,
      1,
      1,
      1,
      0,
      0,
      0,
      1,
      0,
      0,
      2,
      2,
      0,
      0,
      2,
      2,
      1,
      2,
      1,
      1,
      1,
      2,
      2
    ],
    "predicted_proba": [
      [
        0.8384080387476281,
        0.1511266220518482,
        0.010465339200523593
      ],
      [
        0.0015250189165004297,
        0.0016461167409224224,
        0.9968288643425772
      ],
      [
        0.4726318026061916,
        0.09020764496353122,
        0.4371605524302771
      ],
      [
        0.6700529389445734,
        0.23781467027466674,
        0.09213239078075983
      ],
      [
        0.6175099314574795,
        0.32548821321533133,
        0.05700185532718918
      ],
      [
        0.09384403389218858,
        0.7288088805488263,
        0.17734708555898518
      ],
      [
        0.9233776030748403,
        0.05261516879817498,
        0.024007228126984803
      ],
      [
        0.6265879886398809,
        0.04232722402859283,
        0.3310847873315262
      ],
      [
        0.18772269653614707,
        0.6047227310642573,
        0.20755457239959546
      ],
      [
        0.9203330726459565,
        0.05894319789031743,
        0.020723729463726075
      ],
      [
        0.38964586880557533,
        0.5652222036687368,
        0.04513192752568796
      ],
      [
        0.07916893909262551,
        0.11369906549288795,
        0.8071319954144865
      ],
      [
        0.9896590649072172,
        0.0038025883365223534,
        0.006538346756260634
      ],
      [
        0.013627335854245512,
        0.4148424215849373,
        0.5715302425608172
      ],
      [
        0.403768984097605,
        0.42546524867430247,
        0.17076576722809245
      ],
      [
        0.29781800093740934,
        0.5305927150877693,
        0.17158928397482145
      ],
      [
        0.06442628811453456,
        0.34170556646614186,
        0.5938681454193235
      ],
      [
        0.012352788337415719,
        0.0033527633144479992,
        0.9842944483481363
      ],
      [
        0.36688280854732797,
        0.3030995252723432,
        0.33001766618032874
      ],
      [
        0.018910258680498608,
        0.9606475854139186,
        0.020442155905582897
      ],
      [
        0.10265753829322287,
        0.7430064690902248,
        0.15433599261655243
      ],
      [
        0.3248076587354573,
        0.3757589832735072,
        0.2994333579910356
      ],
      [
        0.048943436716527705,
        0.9341132720519049,
        0.016943291231567518
      ],
      [
        0.404112613072383,
        0.4101862965893565,
        0.18570109033826046
      ],
      [
        0.9618160365214493,
        0.029552196727514187,
        0.00863176675103653
      ],
      [
        0.0847375810134661,
        0.05210337151642679,
        0.8631590474701072
      ],
      [
        0.8310009724186109,
        0.07365354740321184,
        0.09534548017817723
      ],
      [
        0.044425823191684914,
        0.8705515692632019,
        0.08502260754511323
      ],
      [
        0.3530372670258384,
        0.5648896551200219,
        0.08207307785413964
      ],
      [
        0.014597877220734133,
        0.06954361787803776,
        0.915858504901228
      ],
      [
        0.9498825734825888,
        0.024188430492533528,
        0.025928996024877696
      ],
      [
        0.6593155157605356,
        0.13052901569816022,
        0.21015546854130432
      ],
      [
        0.3696880351497418,
        0.22763621524724179,
        0.4026757496030164
      ],
      [
        0.08694875752192142,
        0.5904872126790721,
        0.32256402979900634
      ],
      [
        0.21212396696505384,
        0.6165135524650478,
        0.17136248056989836
      ],
      [
        0.016094509335472067,
        0.14685542821442055,
        0.8370500624501073
      ],
      [
        0.15364223199505908,
        0.4631915050599684,
        0.3831662629449724
      ],
      [
        0.9769436746182586,
        0.009500225527026104,
        0.01355609985471525
      ],
      [
        0.03330574207570151,
        0.03395264947105998,
        0.9327416084532385
      ],
      [
        0.0811654964402845,
        0.5037644722158777,
        0.41507003134383774
      ],
      [
        0.9388022534901591,
        0.020036171085539692,
        0.041161575424301135
      ],
      [
        0.5636487726175903,
        0.13839247219305706,
        0.2979587551893527
      ],
      [
        0.3705364963801498,
        0.5591442413626789,
        0.07031926225717124
      ],
      [
        0.8196735018724068,
        0.04852216292504573,
        0.1318043352025474
      ],
      [
        0.9865816370429581,
        0.004634581030584687,
        0.008783781926457004
      ],
      [
        0.034138263802673645,
        0.8823493157470673,
        0.08351242045025892
      ],
      [
        0.2582797294030615,
        0.6592519291666797,
        0.08246834143025873
      ],
      [
        0.36442912551319007,
        0.5116331333187618,
        0.12393774116804807
      ],
      [
        0.3970898238922445,
        0.36997920429869424,
        0.23293097180906128
      ],
      [
        0.04970057411306699,
        0.9023160451463426,
        0.047983380740590456
      ],
      [
        0.303802230754891,
        0.5559996678546801,
        0.1401981013904288
      ],
      [
        0.07577868121686852,
        0.8319924762728986,
        0.09222884251023288
      ],
      [
        0.030331169186151242,
        0.9500471411082221,
        0.019621689705626562
      ],
      [
        0.0020999367052666625,
        0.005844479896840425,
        0.9920555833978928
      ],
      [
        0.03684434826021409,
        0.9401829662933088,
        0.022972685446477265
      ],
      [
        0.8084847477100848,
        0.15221667703603933,
        0.039298575253875936
      ],
      [
        0.5327433437243648,
        0.03953070546088088,
        0.42772595081475434
      ],
      [
        0.05231310660968235,
        0.012747318772526299,
        0.9349395746177913
      ],
      [
        0.9274961829888435,
        0.05398136492481326,
        0.01852245208634311
      ],
      [
        0.19320608145802504,
        0.4470763790222071,
        0.35971753951976787
      ],
      [
        0.6592914431354923,
        0.24700651332785517,
        0.0937020435366525
      ],
      [
        0.026808335348959638,
        0.49195588244256405,
        0.48123578220847624
      ],
      [
        0.8499226667037121,
        0.048357312349388615,
        0.10172002094689933
      ],
      [
        0.07049882770913313,
        0.13663001083903492,
        0.792871161451832
      ],
      [
        0.3663695322824449,
        0.3685186116933945,
        0.2651118560241606
      ],
      [
        0.05482209597589937,
        0.017976223468665592,
        0.9272016805554351
      ],
      [
        0.08531744062970775,
        0.1482428176029764,
        0.7664397417673159
      ],
      [
        0.13573726691194335,
        0.13812764833196178,
        0.7261350847560949
      ],
      [
        0.3782658924332023,
        0.409096786264735,
        0.21263732130206275
      ],
      [
        0.25037508965819133,
        0.175242302365007,
        0.5743826079768016
      ],
      [
        0.09123793318597767,
        0.23577096233292338,
        0.6729911044810989
      ],
      [
        0.22469237195243472,
        0.6270655452286776,
        0.14824208281888768
      ],
      [
        0.09446054521504633,
        0.48843198226199236,
        0.4171074725229613
      ],
      [
        0.007490688013237662,
        0.014770065378968768,
        0.9777392466077935
      ],
      [
        0.13012690344786568,
        0.32106106505857185,
        0.5488120314935624
      ],
      [
        0.1217369364043671,
        0.8136329205649032,
        0.06463014303072957
      ],
      [
        0.002998989831095366,
        0.0017769776979071439,
        0.9952240324709974
      ],
      [
        0.007288430368095243,
        0.00012693691168354606,
        0.9925846327202211
      ],
      [
        0.04883638264250135,
        0.8239038276457387,
        0.12725978971176008
      ],
      [
        0.025406841172116414,
        0.9705491311095216,
        0.004044027718361962
      ],
      [
        0.05774952678623134,
        0.5702959473794906,
        0.3719545258342779
      ],
      [
        0.9992331315213067,
        0.0003663114387229484,
        0.0004005570399702956
      ],
      [
        0.5604335242121756,
        0.3331216652279004,
        0.10644481055992404
      ],
      [
        0.9054733974697295,
        0.05034678491349881,
        0.044179817616771554
      ],
      [
        0.046536566864505906,
        0.8627807382624197,
        0.09068269487307423
      ],
      [
        0.7919295741194204,
        0.03019867854796676,
        0.17787174733261277
      ],
      [
        0.9069768711575977,
        0.05663268240788134,
        0.03639044643452095
      ],
      [
        0.0039307415133764045,
        3.495222846584306e-05,
        0.9960343062581578
      ],
      [
        0.06100186380342842,
        0.05226019107133741,
        0.8867379451252343
      ],
      [
        0.9869194426198817,
        0.004561523627279174,
        0.008519033752839062
      ],
      [
        0.8400630276946791,
        0.0765018228207894,
        0.08343514948453147
      ],
      [
        0.009751540604911771,
        0.0006212687498419842,
        0.9896271906452463
      ],
      [
        0.026279449017133426,
        0.003883399639597774,
        0.9698371513432688
      ],
      [
        0.19252475685989467,
        0.7165082781455122,
        0.0909669649945931
      ],
      [
        0.005963927135337875,
        0.00011717570836442342,
        0.9939188971562978
      ],
      [
        0.017861520865160137,
        0.9332111489379292,
        0.048927330196910576
      ],
      [
        0.007074329977039732,
        0.8852371107864061,
        0.10768855923655424
      ],
      [
        0.02852421180763132,
        0.9524703884056838,
        0.019005399786684776
      ],
      [
        0.04122905744507254,
        0.36403341134319267,
        0.5947375312117348
      ],
      [
        0.04763843784052719,
        0.01946553327902035,
        0.9328960288804525
      ]
    ],
    "accuracy": 0.84,
    "n_layers": 3,
    "n_outputs": 3
  }
}