{
  "description": "QuadraticDiscriminantAnalysis \u2014 per-class covariance",
  "random_state": 42,
  "input": {
    "X": [
      [
        0.3974607064132356,
        -0.8127499398643396,
        0.19190841588945617,
        -1.8651846351058645,
        1.505025114660821
      ],
      [
        0.5034991851644222,
        -2.3285556003284613,
        1.6811752347066915,
        -1.6868616792059723,
        -0.559741974728272
      ],
      [
        -0.8626773185808669,
        0.7100880631414909,
        2.1940143512036556,
        0.04129040885903579,
        -1.0546368888660922
      ],
      [
        -0.6622959242993012,
        0.9114268146199525,
        -1.2809491977079914,
        1.869248805141955,
        1.1819740486218142
      ],
      [
        3.2787781904898776,
        -1.6983829388939973,
        0.22999200737643344,
        -0.8343973324797178,
        0.672425018895093
      ],
      [
        -1.351070466574283,
        2.2608003117925097,
        -1.9131144030721945,
        -0.920380507633364,
        0.24201514406779656
      ],
      [
        -0.8197409111072215,
        1.085953756550835,
        1.350368873278104,
        0.8837997323848523,
        -0.21001669837509396
      ],
      [
        -1.8105254766371721,
        1.358179928464898,
        -1.088956322678424,
        -0.4220109725753971,
        -2.196514600832009
      ],
      [
        -1.5053294413178289,
        0.4054103944442482,
        -3.37197273925967,
        -0.5975644450936177,
        0.5319168922188459
      ],
      [
        0.19837459173188443,
        -1.2187231431150563,
        -1.2739557055830792,
        -0.8449111476664237,
        -1.7072771556275985
      ],
      [
        -2.204248051665857,
        2.385244534119716,
        -1.8882183424069838,
        0.3011734529283496,
        -1.5795207573125938
      ],
      [
        -0.8396811087492032,
        -0.8016016323640174,
        1.1041601180499083,
        -0.658396686557519,
        1.998049542287028
      ],
      [
        -3.1859221744473545,
        1.7744862954457958,
        -2.5151062763484893,
        1.2555396795183054,
        -0.7647913869554506
      ],
      [
        0.33710696725733835,
        0.5851387898654261,
        2.2157003209411004,
        1.8403875218299968,
        0.6607752317221405
      ],
      [
        -0.6878922238888381,
        -0.3373154647290276,
        -1.2661730178545985,
        -1.1307022280126577,
        -1.0238185194890543
      ],
      [
        -0.7647211693360354,
        -0.09631904260268143,
        -1.8417941989658466,
        1.7144303658470297,
        0.8281534903901053
      ],
      [
        -1.192962033806106,
        -0.0746050840522694,
        -1.8695845555436001,
        1.2200791200521817,
        -0.9091576170851242
      ],
      [
        1.865084216980886,
        0.282388347903449,
        -0.966010952071932,
        -0.4278855573611384,
        -1.4522040434708976
      ],
      [
        -1.9220825397422703,
        0.7398453402994167,
        -0.7744219824011626,
        0.19679603670702073,
        1.0903629116936455
      ],
      [
        -2.093305828780418,
        1.9532253147015184,
        -1.989352528315126,
        2.8373086760555397,
        -0.40694423387208134
      ],
      [
        1.409303922093139,
        1.353572040438491,
        0.7086468822018357,
        -0.7193420515724871,
        -1.4847015715170722
      ],
      [
        2.1567332945780535,
        1.1474499151706032,
        1.698702709930975,
        -1.4247094167859315,
        -0.9069034941417542
      ],
      [
        -1.5327243391443959,
        -1.617098264665798,
        -0.5552501915210866,
        -0.41709099611615386,
        0.5161247285776908
      ],
      [
        1.0145538130468905,
        0.8818879069070511,
        3.63081025549506,
        1.3404693305053583,
        -0.42913803506759063
      ],
      [
        -3.454315878829917,
        -0.40919389826845,
        -4.489076725443079,
        0.31839011162871755,
        0.46451660524284916
      ],
      [
        2.3278605728927344,
        1.0265121185213801,
        -0.46624758008008627,
        0.11415837162243081,
        0.42944824538366944
      ],
      [
        -0.2528477382357365,
        -0.9362536231983531,
        -0.40620842216053255,
        -2.2308514716518286,
        0.9161712656046209
      ],
      [
        -0.11319047705666496,
        1.396185032964623,
        1.1034546490455304,
        -0.42031145926231606,
        0.07840892250607703
      ],
      [
        -1.0280942248012022,
        1.50502929293935,
        -0.573452932996934,
        1.0239610872325626,
        2.9761969281549727
      ],
      [
        3.9084721483624554,
        -1.632846755766455,
        1.6227225197257866,
        -1.8259532893723858,
        1.2049706473007482
      ],
      [
        2.5017940263913516,
        -1.3792512799306413,
        1.1000685434599804,
        -0.3138874809873977,
        0.8136885759566508
      ],
      [
        -1.224292209617947,
        0.8021628180062812,
        -1.3197046398496326,
        0.23143195667030714,
        2.5056892096419725
      ],
      [
        2.1367261139189315,
        -3.4856836761147614,
        1.708804602276707,
        1.1871626584046953,
        0.3581718453613483
      ],
      [
        0.5078312180926207,
        -0.3295359820304389,
        0.70255012414375,
        -1.1456481022100526,
        -1.1179451563669505
      ],
      [
        -1.1188914720068042,
        2.6337969636666916,
        -2.1266549722980894,
        -1.5815929264381867,
        -1.5304787431872526
      ],
      [
        -1.5127194948214981,
        1.4937458432031372,
        1.0061121702556488,
        0.8515446878067211,
        1.318838621090771
      ],
      [
        -0.5615499929048503,
        1.4731043605557659,
        -0.44081715150485423,
        -0.8714611108593667,
        0.29555045097915267
      ],
      [
        2.768219671810508,
        -2.3369060358052005,
        1.6097614589316658,
        -0.24960507808240306,
        -0.18346915359646365
      ],
      [
        -0.8360337496534445,
        1.5015400309321787,
        1.2861387310336205,
        -0.5390436696309381,
        -0.5735851583400942
      ],
      [
        2.5167461458926432,
        0.7459648013288959,
        -0.09590338344634919,
        -1.1222486439581478,
        -1.3396284981937914
      ],
      [
        -1.0147678644625924,
        -0.6410421713686951,
        -1.5698574316186873,
        1.4566133964284012,
        0.6587051257097538
      ],
      [
        1.9733291858963304,
        1.1169199970260555,
        0.09854527744949937,
        -0.7377614587308716,
        -0.6982160283153525
      ],
      [
        -1.3722808099311832,
        -0.07000917758941738,
        0.20160774114602553,
        0.9398344616666149,
        -0.7294741023038305
      ],
      [
        -2.5282330157223374,
        3.5611836608879925,
        1.8605915396576105,
        -0.5922716123268308,
        0.4716881051978408
      ],
      [
        -0.8981283811100678,
        2.018320630648327,
        2.6527962280720625,
        -0.1142384314780871,
        -1.5297643031728079
      ],
      [
        -2.0833018536327503,
        3.3690315715494186,
        -0.7745597828753935,
        -0.06930577011525096,
        -1.613410655550792
      ],
      [
        1.177206477229876,
        2.2152724099126355,
        -1.9500157110697447,
        -4.040968677078013,
        -0.7471078889402628
      ],
      [
        0.5537524540399676,
        -1.525528309407397,
        -0.7976547052453216,
        -1.183306469801321,
        0.2434565106998877
      ],
      [
        -0.6105025662389447,
        0.8888723230787462,
        -0.7968658715564929,
        -1.377835359113978,
        -1.2105011590693684
      ],
      [
        0.42809336820622257,
        -1.3078621778959953,
        1.920006482830543,
        1.711914074565661,
        -0.11197252059461717
      ],
      [
        -0.8746992170673344,
        1.0013954776578167,
        -1.1496054220363932,
        1.1274646676136064,
        -0.9473413799421244
      ],
      [
        0.4351417297898539,
        2.468035207982073,
        1.3597766687045594,
        0.14161801053865863,
        1.1288887430469075
      ],
      [
        -1.316354393740594,
        1.7447043189190714,
        -0.8260842479118651,
        -0.5395199782805487,
        -0.03881228272002653
      ],
      [
        -2.0467818569006244,
        1.7705631387579754,
        0.8710009876589777,
        0.025003475713355927,
        -2.7846356447821003
      ],
      [
        0.4722455552334963,
        -3.285525882695985,
        -0.37833889068831683,
        0.07796474116965779,
        0.1835118230877355
      ],
      [
        -1.2057849615120277,
        0.46663015142374686,
        -1.4101938566940178,
        1.375448209627129,
        -0.13510030791493735
      ],
      [
        -1.0374287058871912,
        2.723265053557693,
        0.26113221575902124,
        0.3348640744168849,
        0.05515587641861207
      ],
      [
        -1.1857803122699395,
        2.181849273260416,
        -0.535827451618297,
        2.4454217757948165,
        -1.583406721039512
      ],
      [
        -1.2836726269968455,
        -2.0464004396887727,
        -0.5491428892878176,
        -0.7464230879328351,
        0.4754936414491742
      ],
      [
        -0.1232076761905222,
        -0.5453159584552847,
        -1.5803539527681982,
        -1.3218342992749428,
        -0.5084059548937526
      ],
      [
        -1.342855842324175,
        1.8987807906984981,
        -0.3857743745520942,
        -0.494408125818216,
        -0.47358878097710866
      ],
      [
        -0.7887772307874832,
        1.3708754689974054,
        -1.4964195799479074,
        -0.6509997402819672,
        1.9070189019105557
      ],
      [
        3.756892593447368,
        -4.962877470569682,
        4.32948241457207,
        -0.03674594378125784,
        -0.329273707055818
      ],
      [
        0.5017586486565354,
        -0.7575359400353163,
        2.0341902007374433,
        1.3629069040074289,
        -0.2688341767951755
      ],
      [
        -0.025078713456814006,
        0.6912535906379713,
        -0.42561202570800705,
        -1.780755607942077,
        0.5525331523474403
      ],
      [
        -0.6154692039826049,
        -0.8587406172499583,
        1.6823379115862722,
        0.08852695651887621,
        1.415482802510849
      ],
      [
        -1.7123424505850777,
        -0.346696654436468,
        -3.658041858284207,
        -0.6495196141031934,
        -0.6807442745705536
      ],
      [
        -2.1163134159822796,
        -1.0636640836646218,
        -2.0414700988867103,
        0.2545712161920102,
        0.3531576232226657
      ],
      [
        -0.9951270487725243,
        1.4541155232723475,
        -1.8978852778686606,
        -1.2490882146824442,
        0.054919298652257045
      ],
      [
        -1.0212420638761701,
        0.23938726553589018,
        0.6985867918205506,
        0.5475245017229495,
        0.9518830180285539
      ],
      [
        1.725620368297207,
        -1.3677064855603354,
        0.7281570864811564,
        0.3227852366288557,
        -0.629871645620782
      ],
      [
        -0.3867442134403105,
        1.355543795061633,
        2.904035051846174,
        -1.6484032408250333,
        0.1488902276522236
      ],
      [
        -2.594153871455736,
        3.687237807572828,
        2.05826788634237,
        -1.52219338323949,
        0.4753188602123068
      ],
      [
        1.3801967205584056,
        -2.8088757713275614,
        1.493540736078542,
        -1.4068276010955516,
        -0.5737538003081647
      ],
      [
        0.18545983185205972,
        2.057857124682524,
        2.944977429554024,
        1.5449331863997569,
        -0.4734261927004959
      ],
      [
        2.8611833059273604,
        -0.8492796231627897,
        -0.2866235484514288,
        -1.6834893500240762,
        1.038826145111929
      ],
      [
        2.451576596990095,
        -0.6120876860446569,
        1.3334987736774089,
        -0.8484815239850765,
        -0.43986428761541757
      ],
      [
        0.5715941764400634,
        0.07660852324376055,
        -0.5961543226777508,
        0.975911270319827,
        -1.5011644483430868
      ],
      [
        -1.9009389627315798,
        2.3756065471428744,
        -0.9005810838520418,
        -0.08867453505300438,
        -0.5007863824175939
      ],
      [
        -1.3603544104216183,
        -0.9414556420644647,
        -1.6708965320409446,
        -0.0791521270519343,
        -1.2418405167055335
      ],
      [
        1.2489579673752373,
        0.06851017405591131,
        0.6225270167546064,
        0.08067927412252118,
        -0.4702814467294437
      ],
      [
        2.0691421485771686,
        0.35471907428198135,
        0.18322529647510954,
        -1.214728355009816,
        -0.567163167935395
      ],
      [
        -0.3601201965560257,
        -0.6078933637697654,
        1.7646151190342658,
        0.6591661179767916,
        -1.5557499758716284
      ],
      [
        -0.9671629346293551,
        1.8255866157741738,
        -0.07826811189667005,
        0.1598276458992296,
        1.6420961711074433
      ],
      [
        -1.1372491925621815,
        2.3808679451065355,
        0.08744020001598707,
        0.8704141933025553,
        -1.0186194481044872
      ],
      [
        -0.47818866312811403,
        2.076410179647234,
        -0.10111604189754919,
        2.161106670077757,
        1.4142512626124135
      ],
      [
        2.46659491535063,
        -1.5711602339629183,
        1.6131395304765341,
        -0.4442327565554123,
        1.564704584933529
      ],
      [
        2.569454965138032,
        -2.3015272030179847,
        -1.8894784344562856,
        -1.5383430233475788,
        -1.362703603539979
      ],
      [
        1.9736670856817908,
        1.5973053918447913,
        0.44973953534153177,
        -0.20152084828505856,
        -0.7206322353031837
      ],
      [
        -1.2924170112338405,
        1.3157534985535246,
        -1.7983939437432839,
        0.01594351110477643,
        0.08703522814667258
      ],
      [
        -1.0128443747988338,
        0.2618007470954141,
        -1.478765376369728,
        0.8058790038473245,
        0.027264704818878514
      ],
      [
        -2.90507035970085,
        2.2432525555390708,
        -0.16300555703444064,
        -0.5033780502364766,
        0.16135322587890272
      ],
      [
        -2.9144896432661804,
        -0.5845527233293046,
        -1.1488579790355837,
        -0.5729380707849241,
        0.8202457394862555
      ],
      [
        -2.417876130073859,
        0.4784881855742156,
        -2.676240494773382,
        -1.367941531394067,
        0.6963511266524872
      ],
      [
        -1.146361025534805,
        -0.4129383254729786,
        0.9198045961927864,
        0.19356716334859692,
        -0.9475397872859123
      ],
      [
        -1.100682346473002,
        1.6538795770177956,
        -1.5858478095691444,
        -0.3702252798282655,
        -0.7794261958775333
      ],
      [
        -0.8452986799592086,
        -0.0931873070141227,
        -1.2957756954728312,
        2.1068781574835085,
        0.38784488153046615
      ],
      [
        -0.1531240060807073,
        -1.5486877764892217,
        0.13668015119866528,
        -0.9457409361235488,
        1.2884063401784895
      ],
      [
        -2.5854446904844743,
        2.190442166733457,
        -1.7303901883292148,
        0.5374501846263458,
        -1.8673518263691093
      ],
      [
        -0.8262648785397377,
        1.0030983651039758,
        -0.7405183793412048,
        -1.27792007463383,
        1.7058248593376857
      ],
      [
        -0.8205432334313525,
        0.20514177725571192,
        -2.1329185934347663,
        -1.5615368705173593,
        0.7079243669696743
      ],
      [
        -1.069253302057233,
        2.887808581326394,
        0.576682771326708,
        0.48846494951011243,
        1.0098949610496601
      ],
      [
        -1.0684324178635498,
        1.6511891565527312,
        0.42138125511348945,
        1.6301401276801681,
        -0.4968590326726214
      ],
      [
        1.0070632189973774,
        -0.8601760823822997,
        2.0516443385368444,
        0.6458746055752422,
        1.7061639733977114
      ],
      [
        -3.3879892198914576,
        4.427214350662166,
        1.1007519261438252,
        -0.9244883468508178,
        -0.796502958657587
      ],
      [
        -1.0920398514765384,
        -0.6879013042003388,
        -1.0121321345120118,
        -1.1407633212636725,
        -0.07167403655743708
      ],
      [
        -1.38569707947366,
        -0.5851312610765189,
        -2.5557317889594273,
        -0.4683014210443581,
        0.7423649162591182
      ],
      [
        -1.4561623851392826,
        1.9136538028161318,
        -2.2201570307868126,
        -0.7218508883585673,
        -0.032330250925114046
      ],
      [
        2.890703827435414,
        1.2251735374853812,
        0.5577098710470756,
        -0.7306034176150633,
        0.17595665722124415
      ],
      [
        1.188533977723465,
        2.110050179790589,
        1.6685839413203611,
        -0.6757675930872853,
        -1.06025827394612
      ],
      [
        -1.5773951414344243,
        1.2615520403214826,
        -0.8953266500778794,
        2.663886804763475,
        0.3264233650707143
      ],
      [
        -1.7010284665207438,
        0.8803423846152916,
        -0.7425907175896984,
        0.4265585081678631,
        2.2084505258661813
      ],
      [
        1.4641590568532228,
        1.7444588501462794,
        -0.08078832917785617,
        -0.9540553517443757,
        0.6433539310540702
      ],
      [
        -2.720543338476654,
        2.3216127663443844,
        0.8014408470210622,
        -0.29442331982150316,
        0.7754725724889143
      ],
      [
        0.9844906539217712,
        0.5711224733318472,
        1.074624795362785,
        -0.7476951776120893,
        2.256484015427542
      ],
      [
        2.293711350372175,
        0.8618111601387662,
        0.3224467014760065,
        -1.0324536906810344,
        1.107323896243615
      ],
      [
        3.8028452499695877,
        -4.631365098848377,
        2.950161742656068,
        -0.038833277715548675,
        0.5170157301179603
      ],
      [
        -2.150792874058468,
        2.1820852903149923,
        2.7342610220467876,
        -2.2320238993073707,
        -0.4024511086268375
      ],
      [
        1.153641775698339,
        2.276296200934665,
        1.7984750443728341,
        -0.8304538857230835,
        -0.03703591371911794
      ],
      [
        1.7950708145427172,
        -1.1403203322606732,
        0.13034395971855262,
        -1.849005658671858,
        -1.911253679894024
      ]
    ],
    "y": [
      0,
      0,
      1,
      0,
      0,
      1,
      1,
      2,
      0,
      0,
      1,
      1,
      1,
      1,
      0,
      2,
      2,
      0,
      1,
      0,
      2,
      2,
      0,
      1,
      0,
      2,
      1,
      2,
      2,
      0,
      0,
      2,
      0,
      2,
      1,
      1,
      1,
      0,
      2,
      2,
      2,
      2,
      1,
      1,
      1,
      1,
      1,
      0,
      1,
      0,
      2,
      2,
      2,
      1,
      0,
      2,
      2,
      1,
      0,
      0,
      2,
      1,
      0,
      0,
      1,
      1,
      0,
      0,
      1,
      1,
      0,
      2,
      1,
      0,
      1,
      2,
      0,
      0,
      1,
      0,
      0,
      2,
      1,
      2,
      2,
      2,
      0,
      2,
      2,
      2,
      2,
      1,
      0,
      0,
      1,
      2,
      2,
      0,
      1,
      1,
      1,
      2,
      2,
      0,
      1,
      0,
      0,
      1,
      2,
      2,
      0,
      1,
      0,
      1,
      2,
      2,
      0,
      1,
      2,
      2
    ]
  },
  "params": {},
  "expected": {
    "classes": [
      0,
      1,
      2
    ],
    "predicted_classes": [
      0,
      0,
      1,
      2,
      0,
      1,
      1,
      1,
      0,
      0,
      1,
      1,
      0,
      1,
      0,
      2,
      2,
      2,
      1,
      2,
      2,
      2,
      0,
      1,
      0,
      2,
      0,
      2,
      2,
      0,
      0,
      2,
      0,
      2,
      1,
      1,
      1,
      0,
      1,
      2,
      0,
      2,
      1,
      1,
      1,
      1,
      1,
      0,
      1,
      0,
      2,
      2,
      1,
      1,
      0,
      2,
      2,
      1,
      0,
      0,
      1,
      1,
      0,
      0,
      1,
      1,
      0,
      0,
      1,
      1,
      0,
      1,
      1,
      0,
      1,
      2,
      0,
      2,
      1,
      0,
      0,
      2,
      1,
      2,
      2,
      2,
      0,
      2,
      2,
      1,
      2,
      1,
      0,
      0,
      1,
      1,
      0,
      0,
      1,
      1,
      0,
      2,
      1,
      0,
      1,
      0,
      0,
      1,
      2,
      2,
      2,
      2,
      2,
      1,
      2,
      2,
      0,
      1,
      2,
      2
    ],
    "predicted_proba": [
      [
        0.5779423768901547,
        0.39569606296872445,
        0.026361560141121027
      ],
      [
        0.9882789424324119,
        0.011702439508708569,
        1.8618058879711345e-05
      ],
      [
        7.163143931220912e-05,
        0.995252116890575,
        0.0046762516701127676
      ],
      [
        0.1244178675289695,
        0.041750583338787284,
        0.8338315491322431
      ],
      [
        0.8315145540657851,
        0.0015265964581425014,
        0.16695884947607237
      ],
      [
        0.075037925746297,
        0.9235059061117347,
        0.0014561681419683638
      ],
      [
        0.004915656302716915,
        0.9307875029918323,
        0.06429684070545083
      ],
      [
        0.00462560578905497,
        0.700260498294149,
        0.2951138959167961
      ],
      [
        0.7242242672111673,
        0.27448973901655693,
        0.001285993772275858
      ],
      [
        0.5050002362303766,
        0.025599018049745327,
        0.46940074571987805
      ],
      [
        0.01913923153153306,
        0.9445707877097534,
        0.0362899807587134
      ],
      [
        0.12678269458258076,
        0.8716424319275959,
        0.0015748734898232558
      ],
      [
        0.5001490482645164,
        0.27047071973011905,
        0.2293802320053645
      ],
      [
        0.15515352843765848,
        0.8445071339456393,
        0.0003393376167021813
      ],
      [
        0.5842406231201808,
        0.16862070073753077,
        0.2471386761422884
      ],
      [
        0.18955455208236152,
        0.07426592866741033,
        0.7361795192502283
      ],
      [
        0.4013575174891568,
        0.09183150699910263,
        0.5068109755117406
      ],
      [
        0.098207179962239,
        0.005893307623929118,
        0.8958995124138318
      ],
      [
        0.14679766547504225,
        0.4809162159688088,
        0.37228611855614896
      ],
      [
        0.3567308341362629,
        0.12102808843130232,
        0.5222410774324349
      ],
      [
        0.0035639740940035013,
        0.012477729932679336,
        0.9839582959733171
      ],
      [
        0.0013997469850654048,
        0.001943490439881244,
        0.9966567625750534
      ],
      [
        0.9766365186273571,
        0.021629434126919582,
        0.0017340472457234018
      ],
      [
        0.004543464185070555,
        0.9954516306696884,
        4.905145240972714e-06
      ],
      [
        0.9962778615367233,
        0.0029317105528876607,
        0.0007904279103890082
      ],
      [
        0.14289612655819545,
        0.0006148397988499538,
        0.8564890336429546
      ],
      [
        0.744280755710518,
        0.2501570344869618,
        0.005562209802520285
      ],
      [
        0.002494997901647306,
        0.31092901927491784,
        0.6865759828234348
      ],
      [
        0.006365477578637437,
        0.03402097361833515,
        0.9596135488030273
      ],
      [
        0.9853991468009938,
        0.0001464690965257325,
        0.014454384102480473
      ],
      [
        0.9904198938491768,
        0.004549310856959471,
        0.005030795293863825
      ],
      [
        0.1065846252970535,
        0.39340384603122713,
        0.5000115286717194
      ],
      [
        0.9974483009535225,
        0.002551699042404857,
        4.072630818041395e-12
      ],
      [
        0.17848722396320518,
        0.2263948286239974,
        0.5951179474127974
      ],
      [
        0.004260595232699534,
        0.9957136263556404,
        2.5778411660074423e-05
      ],
      [
        0.00236955240198183,
        0.6634835586218031,
        0.33414688897621503
      ],
      [
        0.03564982089838186,
        0.6082186940675104,
        0.3561314850341077
      ],
      [
        0.9993996407223109,
        0.0005961827775742624,
        4.17650011499386e-06
      ],
      [
        0.00010847700504100547,
        0.6839871219852638,
        0.3159044010096952
      ],
      [
        0.03178633094348035,
        0.000767622848076747,
        0.9674460462084428
      ],
      [
        0.4848917879959494,
        0.11658958897736223,
        0.3985186230266884
      ],
      [
        0.04141426321276529,
        0.002705597856105659,
        0.9558801389311291
      ],
      [
        0.24795525112994762,
        0.6781744115913497,
        0.07387033727870267
      ],
      [
        1.5928269640303827e-10,
        0.898380955432914,
        0.1016190444078034
      ],
      [
        2.033080673089575e-08,
        0.9783535917982058,
        0.021646387870987476
      ],
      [
        3.217145196868137e-05,
        0.9836846167932869,
        0.016283211754744308
      ],
      [
        0.015967734608095013,
        0.9840322346877117,
        3.070419308995677e-08
      ],
      [
        0.9113543153086271,
        0.03742663735816929,
        0.051219047333203635
      ],
      [
        0.043223087596183894,
        0.6581185584470787,
        0.2986583539567375
      ],
      [
        0.7548002178957208,
        0.24519972423985148,
        5.7864427733460045e-08
      ],
      [
        0.1652993770633668,
        0.21017324228053202,
        0.6245273806561011
      ],
      [
        0.0005398374844165081,
        0.012706849709643043,
        0.9867533128059405
      ],
      [
        0.02458184462426688,
        0.7893810626330804,
        0.1860370927426528
      ],
      [
        3.4376374800035384e-07,
        0.8824896390320751,
        0.11751001720417695
      ],
      [
        0.9951352917555507,
        0.004832354466715818,
        3.2353777733457334e-05
      ],
      [
        0.3151766909695234,
        0.12560397303216503,
        0.5592193359983115
      ],
      [
        0.0006916410504836788,
        0.2747965193901554,
        0.7245118395593609
      ],
      [
        0.05002093156022477,
        0.7658776116567728,
        0.1841014567830024
      ],
      [
        0.9922288496880397,
        0.007416934800223463,
        0.0003542155117368037
      ],
      [
        0.756160888639722,
        0.11853777720117338,
        0.12530133415910466
      ],
      [
        0.003532744581497886,
        0.7272599014727965,
        0.26920735394570566
      ],
      [
        0.18185293266807065,
        0.7492513658932037,
        0.06889570143872566
      ],
      [
        0.9999995691048102,
        4.3089518980783474e-07,
        1.235595223888296e-25
      ],
      [
        0.5311199847978559,
        0.4688760888445565,
        3.92635758767025e-06
      ],
      [
        0.13433186793212382,
        0.7257046431518183,
        0.1399634889160579
      ],
      [
        0.15023321986859497,
        0.8495774470247188,
        0.00018933310668621365
      ],
      [
        0.9353537954086589,
        0.06141783371169361,
        0.003228370879647512
      ],
      [
        0.9400350156261188,
        0.01752168856603167,
        0.04244329580784938
      ],
      [
        0.17742629602551255,
        0.8184636909150513,
        0.0041100130594362546
      ],
      [
        0.102433332256438,
        0.8090317237089483,
        0.08853494403461366
      ],
      [
        0.9842161225392613,
        0.013189889064400086,
        0.002593988396338571
      ],
      [
        3.773942780893101e-07,
        0.9595079162150669,
        0.0404917063906549
      ],
      [
        1.1538717278126825e-12,
        0.9871215114879143,
        0.012878488510931825
      ],
      [
        0.9990561019966462,
        0.0009412601976247447,
        2.6378057290624766e-06
      ],
      [
        0.00020445859311643094,
        0.9973674558198352,
        0.0024280855870484567
      ],
      [
        0.328296278011087,
        0.0034798878119021467,
        0.6682238341770109
      ],
      [
        0.821631200870342,
        0.006840449601337468,
        0.1715283495283204
      ],
      [
        0.4063722653158077,
        0.12088418138482432,
        0.47274355329936785
      ],
      [
        0.004709342437515428,
        0.8617192593777391,
        0.13357139818474556
      ],
      [
        0.7808905638414253,
        0.03160162198271455,
        0.18750781417586013
      ],
      [
        0.4892783409210255,
        0.06860352102596912,
        0.44211813805300537
      ],
      [
        0.07596203049400148,
        0.0035295564158033697,
        0.9205084130901952
      ],
      [
        0.058441392398116625,
        0.9413532748880855,
        0.00020533271379789285
      ],
      [
        0.010001157572341731,
        0.20866243288205,
        0.7813364095456082
      ],
      [
        0.001406645193955244,
        0.46418837165606425,
        0.5344049831499805
      ],
      [
        0.05077955106515177,
        0.019836120089708073,
        0.9293843288451402
      ],
      [
        0.9911352491587632,
        0.008360318492505367,
        0.0005044323487316352
      ],
      [
        0.05266425114989411,
        0.0013253741531524606,
        0.9460103746969534
      ],
      [
        0.03302879950824493,
        0.0019126654360899866,
        0.9650585350556651
      ],
      [
        0.3433910810028092,
        0.47348975838066093,
        0.18311916061652997
      ],
      [
        0.3551391769752144,
        0.1252580543263727,
        0.5196027686984129
      ],
      [
        0.0001148927416508353,
        0.9343479760410675,
        0.06553713121728152
      ],
      [
        0.936454039863476,
        0.055690178222316374,
        0.007855781914207638
      ],
      [
        0.779059336740816,
        0.2208293121634592,
        0.00011135109572484354
      ],
      [
        0.11738068038995729,
        0.8642945693335886,
        0.018324750276454128
      ],
      [
        0.11526581108962405,
        0.7644470556854996,
        0.12028713322487622
      ],
      [
        0.4756010995622267,
        0.1437487947552011,
        0.3806501056825722
      ],
      [
        0.8753027558305757,
        0.12181049035865826,
        0.0028867538107659172
      ],
      [
        0.01088501887189406,
        0.8811252042239323,
        0.10798977690417358
      ],
      [
        0.06470391538317187,
        0.8965091939068709,
        0.038786890709957375
      ],
      [
        0.5562727382320392,
        0.4410997501048598,
        0.002627511663100992
      ],
      [
        0.000279212085208741,
        0.10968954789882714,
        0.8900312400159641
      ],
      [
        0.019754041942723552,
        0.6667498963723225,
        0.31349606168495403
      ],
      [
        0.6916008780323949,
        0.30830107715603683,
        9.804481156843981e-05
      ],
      [
        5.063943093596189e-13,
        0.9963587456232416,
        0.0036412543762519693
      ],
      [
        0.8338152094481538,
        0.12181370772201179,
        0.0443710828298343
      ],
      [
        0.8466744038617515,
        0.12270033737444327,
        0.030625258763805185
      ],
      [
        0.18633112341914274,
        0.8111892333791854,
        0.002479643201671912
      ],
      [
        0.050097437518132344,
        9.142807303050048e-05,
        0.9498111344088371
      ],
      [
        0.00010872036622268446,
        0.016693199884577403,
        0.9831980797491998
      ],
      [
        0.27641227390129725,
        0.1796111521335472,
        0.5439765739651556
      ],
      [
        0.06714514210025696,
        0.38868328060222906,
        0.5441715772975139
      ],
      [
        0.05408011051498256,
        0.011546182798842728,
        0.9343737066861748
      ],
      [
        5.224489073560882e-06,
        0.8780507681298477,
        0.1219440073810788
      ],
      [
        0.06096824878762576,
        0.14166507257020544,
        0.7973666786421688
      ],
      [
        0.0644507632380141,
        0.0012908928465639481,
        0.9342583439154218
      ],
      [
        0.9999935978536924,
        6.402146307748609e-06,
        1.3403805642276038e-17
      ],
      [
        2.5085146275362533e-12,
        0.996378444497875,
        0.0036215554996165485
      ],
      [
        9.520935651596766e-05,
        0.008957457244468761,
        0.9909473333990152
      ],
      [
        0.19422912586811136,
        0.0048191643354029345,
        0.8009517097964858
      ]
    ],
    "means": [
      [
        0.33293459183591395,
        -1.0528786333651725,
        -0.18691026069513414,
        -0.2022634206140042,
        0.11620817214678776
      ],
      [
        -1.2660805184663098,
        1.439623130530647,
        0.1305079328573777,
        -0.2786412075425432,
        -0.11083471526576778
      ],
      [
        0.19966406280513732,
        1.0283957086116366,
        -0.09294480566363608,
        -0.07772424701451312,
        -0.020473293379116214
      ]
    ],
    "priors": [
      0.3333333333333333,
      0.3333333333333333,
      0.3333333333333333
    ]
  },
  "sklearn_version": "1.5.2",
  "sklearn_pin": "scikit-learn==1.5.2"
}